131	170	222
127	166	218
122	161	213
125	164	216
131	170	222
126	166	218
124	167	218
123	166	217
122	165	216
121	164	215
119	162	213
117	159	212
116	158	211
119	160	215
116	157	212
114	155	210
116	157	212
120	160	218
121	161	219
118	158	216
124	153	210
142	145	200
152	143	199
153	144	200
153	144	200
150	144	199
149	143	198
147	142	197
146	141	196
143	140	195
142	139	194
138	138	192
136	136	190
133	135	189
132	134	188
132	134	188
132	134	188
130	133	188
130	133	188
129	132	187
128	131	186
127	130	185
127	130	185
126	129	184
126	129	184
127	130	185
125	128	183
123	126	181
122	125	180
123	126	181
124	127	182
124	127	182
123	126	181
117	123	176
117	123	176
115	121	174
115	121	174
114	120	173
114	120	173
114	120	173
115	121	174
114	120	173
111	117	170
109	115	168
107	113	166
106	112	165
103	109	162
100	106	159
97	103	156
94	102	155
96	102	155
95	101	154
96	100	153
93	99	152
90	98	151
83	100	151
76	101	151
66	102	150
57	103	150
53	105	151
48	105	150
48	105	150
49	104	149
47	102	147
49	101	147
45	101	148
45	101	148
44	100	149
43	99	148
43	98	149
43	98	149
44	98	151
44	98	151
46	100	155
45	99	154
44	97	154
43	96	153
42	94	154
42	94	154
42	93	155
42	93	155
42	93	156
43	94	157
45	96	159
47	98	161
49	100	163
51	102	165
53	104	166
54	105	167
53	104	166
54	105	167
55	107	167
54	106	166
50	102	162
49	101	161
50	103	160
51	103	163
55	110	171
51	105	168
49	102	165
50	103	166
54	107	170
56	109	172
56	107	170
53	104	167
51	102	165
51	102	165
52	100	164
52	100	164
52	100	164
53	101	165
55	101	165
56	102	166
141	176	220
137	172	216
135	170	214
134	169	213
136	169	215
139	169	216
147	177	226
142	172	219
136	168	217
145	177	226
148	180	229
144	177	226
146	179	229
142	175	225
142	177	227
143	178	228
139	176	228
136	173	225
135	172	224
136	175	227
138	176	230
136	171	227
133	168	224
130	165	221
129	164	220
132	167	223
135	170	226
139	174	230
140	175	231
135	170	226
135	171	225
134	170	224
133	169	223
133	169	223
132	168	222
131	167	221
131	167	221
127	164	216
128	165	217
130	167	217
131	168	220
132	169	219
131	168	220
130	167	219
129	166	218
133	170	222
132	169	221
130	169	221
131	170	222
127	166	218
122	161	213
124	163	215
130	169	221
125	165	217
126	166	218
124	167	218
125	165	217
122	165	216
122	162	214
117	159	212
118	158	211
119	160	215
118	157	212
115	156	211
120	159	214
124	165	220
129	167	225
124	165	220
132	159	215
141	146	201
151	145	200
152	146	201
152	146	201
151	146	201
150	145	200
147	144	199
147	144	199
140	140	194
139	139	193
136	138	192
134	136	190
131	135	188
131	135	188
130	134	187
130	134	187
129	132	187
130	131	187
129	132	187
129	132	187
129	132	187
127	130	185
126	129	184
125	128	183
128	131	186
125	128	183
123	126	181
122	125	180
123	126	181
124	127	182
122	127	182
121	126	181
115	121	174
114	120	173
114	120	173
113	119	172
113	119	172
114	120	173
114	120	173
115	121	174
113	119	172
111	117	170
108	114	167
107	113	166
105	111	164
103	109	162
99	105	158
96	102	155
95	103	156
96	102	155
97	101	152
96	100	153
93	99	152
91	99	152
86	100	152
77	102	152
69	105	153
60	106	153
55	107	153
51	108	153
49	106	151
48	105	150
48	103	148
47	102	147
48	102	149
47	101	148
47	101	148
46	99	149
46	99	149
47	100	151
47	100	151
48	100	153
47	98	154
46	97	153
45	95	153
44	94	154
43	93	153
42	92	152
43	92	154
43	92	154
49	98	160
49	98	160
50	99	161
52	101	163
53	102	164
54	103	165
55	105	165
56	106	166
56	106	166
58	108	168
59	109	167
57	107	165
53	103	161
51	101	159
52	102	160
54	104	162
54	105	167
48	101	164
46	97	160
47	98	161
51	102	165
53	104	167
52	100	164
49	97	161
51	99	163
53	101	165
56	104	168
61	107	171
60	108	172
63	109	173
62	108	172
62	108	172
129	163	209
131	165	211
135	169	215
138	172	218
141	174	220
147	175	222
149	177	224
150	179	224
149	179	226
147	177	224
144	177	223
144	178	224
145	178	227
141	177	225
138	174	222
134	172	220
135	175	224
140	180	229
141	181	230
135	176	225
130	170	222
131	169	223
132	167	223
132	167	223
133	168	224
133	169	223
135	171	225
136	172	226
137	173	227
134	170	224
138	175	227
137	174	226
132	169	221
128	165	217
129	166	218
131	168	220
134	169	219
133	168	218
134	167	217
134	167	216
136	169	219
136	172	220
137	172	222
135	170	220
134	169	219
138	173	223
137	172	222
133	170	222
131	168	220
129	166	218
128	165	217
128	164	218
126	164	218
126	164	218
126	164	218
125	165	218
126	164	218
124	164	217
123	161	215
120	160	213
119	157	211
120	160	213
121	159	213
119	159	212
119	157	211
116	156	209
118	155	211
120	160	213
133	160	216
142	147	202
151	145	202
151	145	202
150	144	201
147	144	200
144	143	199
140	141	197
140	141	197
137	140	195
136	139	194
133	138	193
130	137	192
126	136	190
125	135	189
124	134	188
125	132	187
130	133	188
133	132	188
132	133	189
132	133	189
131	132	188
130	131	187
127	130	185
125	128	183
123	126	181
123	126	181
121	126	181
121	126	181
121	126	181
121	126	181
119	126	181
121	127	180
122	129	179
121	125	176
118	122	173
117	121	172
117	121	172
117	121	172
115	119	170
114	118	169
114	120	173
113	119	172
111	117	170
108	114	167
105	111	164
102	108	161
100	105	160
98	104	157
99	106	156
98	105	155
100	105	154
99	102	153
96	100	151
89	98	148
82	97	146
72	98	145
62	98	146
54	100	147
47	102	147
43	102	147
42	101	146
42	101	146
43	100	145
44	99	144
47	99	145
47	99	146
49	101	148
50	101	151
50	101	151
50	100	152
50	100	152
50	100	153
45	94	150
47	96	152
48	96	154
48	95	156
47	94	155
48	95	157
50	97	159
53	100	161
54	100	158
53	100	156
53	100	156
55	102	158
57	104	160
58	105	161
57	104	160
55	102	158
58	105	161
59	106	162
59	106	162
59	106	162
59	106	162
58	105	161
57	104	160
57	103	161
51	98	160
51	97	161
51	97	161
50	96	160
48	94	158
49	95	159
51	97	161
54	100	164
55	101	165
56	102	166
59	105	169
63	107	171
63	109	173
65	109	173
65	109	173
65	109	173
147	181	227
146	180	226
145	179	225
143	177	223
143	176	222
143	172	217
146	172	218
144	173	218
144	173	218
142	173	218
142	173	218
139	172	218
137	171	217
135	171	217
134	170	216
134	172	220
135	175	223
137	179	226
137	179	226
130	173	222
127	167	219
126	164	218
128	163	219
128	163	219
129	164	220
131	167	221
133	169	223
135	171	225
136	172	226
134	171	223
127	164	216
126	163	213
133	170	220
139	176	226
137	174	224
133	170	220
134	169	219
134	167	216
135	168	217
136	169	218
136	169	218
136	169	218
136	169	218
136	169	219
136	169	219
136	171	221
135	170	220
134	168	221
133	167	220
130	167	219
130	167	219
130	166	220
131	167	221
126	164	218
126	164	218
126	164	218
126	164	218
125	163	217
123	161	215
121	159	213
120	158	212
121	159	213
121	159	213
120	158	212
118	156	210
116	154	208
116	154	208
119	157	211
131	158	214
142	147	202
151	145	202
149	146	202
148	145	201
145	144	200
143	142	198
140	141	197
138	141	196
135	140	195
134	139	194
131	138	193
128	138	192
125	137	191
123	135	189
122	134	188
124	134	188
130	133	188
133	132	188
134	133	189
134	133	189
131	132	188
129	130	186
127	130	185
125	128	183
122	125	180
122	125	180
121	126	181
121	126	181
121	126	181
121	126	181
120	127	182
122	128	181
124	128	179
122	127	176
119	123	174
118	122	173
118	122	173
117	121	172
115	119	170
114	118	169
113	119	172
112	118	171
110	116	169
107	113	166
104	110	163
101	107	160
99	104	159
98	104	157
99	106	156
100	105	154
99	104	153
99	103	152
96	100	151
89	98	148
82	97	146
72	98	145
62	98	146
54	100	147
48	103	148
44	103	148
44	103	148
42	101	146
43	100	145
44	99	144
47	99	145
48	100	146
49	101	148
49	101	148
50	101	151
49	100	150
49	99	151
49	99	152
44	93	149
46	94	152
47	95	153
47	94	155
46	93	155
47	94	156
49	96	158
51	98	159
49	96	152
48	95	149
47	94	148
48	95	149
51	98	152
52	99	153
52	99	153
51	98	152
50	97	151
51	98	152
52	99	153
53	100	154
54	101	155
54	101	155
54	101	155
53	100	156
52	99	161
53	99	163
53	99	163
52	98	162
50	96	160
51	97	161
53	99	163
55	101	165
54	100	164
56	102	166
57	103	167
59	105	169
60	106	170
61	107	171
60	106	170
60	106	170
160	193	238
157	190	235
153	186	231
149	182	227
148	179	224
152	181	226
151	177	223
147	176	221
148	177	222
148	178	225
148	178	225
143	176	222
139	173	219
135	171	219
137	173	221
138	176	224
141	179	227
139	179	228
137	177	226
132	173	222
130	169	221
128	164	218
130	163	219
130	163	219
131	164	220
133	167	221
135	169	223
138	172	226
140	174	228
142	176	229
133	167	220
131	166	216
138	173	223
140	175	225
134	169	219
131	166	216
135	170	220
132	168	216
135	171	219
137	173	221
135	171	219
132	168	216
131	167	215
133	168	218
135	170	220
135	170	220
134	169	219
134	168	221
133	167	220
133	167	220
134	168	221
134	168	222
133	169	223
126	164	218
126	164	218
126	164	218
126	164	218
124	162	216
123	161	215
121	159	213
120	158	212
122	160	214
122	160	214
121	159	213
118	156	210
115	153	207
114	152	206
116	154	208
127	154	210
141	146	201
150	144	201
150	144	201
149	143	200
146	143	199
142	141	197
139	140	196
138	139	195
136	139	194
134	139	194
131	138	193
130	137	192
127	137	191
126	136	190
125	135	189
127	134	189
130	133	188
131	132	188
131	132	188
131	132	188
130	131	187
129	130	186
127	128	184
127	128	184
123	124	180
123	124	180
122	125	180
123	126	181
123	126	181
124	127	182
122	127	182
124	128	181
124	128	179
123	126	177
120	124	175
119	123	174
118	122	173
118	122	173
115	119	172
113	117	170
113	117	170
112	116	169
108	114	167
106	112	165
103	109	162
100	106	159
98	103	158
97	103	156
98	105	155
100	105	154
99	104	153
99	103	152
96	100	151
90	99	149
82	97	146
72	98	145
62	98	144
56	101	145
51	104	147
48	106	148
47	104	149
45	102	147
45	100	145
44	99	144
44	100	147
44	100	147
45	101	148
45	101	148
45	101	150
44	100	149
43	98	149
43	97	150
41	95	150
43	96	153
44	97	154
43	95	155
42	93	155
43	94	156
45	96	158
48	100	160
49	100	156
47	99	152
45	97	150
46	98	151
48	100	153
50	102	155
51	103	156
51	103	156
47	99	152
48	100	153
49	101	154
51	103	156
52	104	157
53	105	158
53	105	158
53	104	160
52	104	164
53	104	166
53	104	166
52	103	165
51	102	164
50	101	163
52	103	165
54	105	167
52	103	165
53	104	166
54	105	167
55	106	168
55	106	168
55	106	168
55	106	168
54	105	167
163	194	239
162	193	238
160	191	236
158	189	234
156	187	232
155	184	229
153	179	225
148	177	222
149	177	224
151	181	228
151	181	228
144	177	223
139	171	220
138	171	220
137	173	221
137	175	223
136	173	223
131	171	220
129	169	218
128	168	217
128	167	219
127	161	215
127	160	216
126	159	215
125	158	214
127	161	215
129	163	217
131	165	219
133	167	221
133	167	220
136	170	223
138	173	223
134	169	219
126	161	211
123	158	208
129	164	214
136	171	221
130	168	216
132	172	220
134	174	222
131	171	219
126	166	214
126	164	212
129	166	216
136	171	221
136	171	221
135	170	220
134	168	221
134	168	221
133	167	220
134	168	221
134	168	222
134	168	222
129	165	219
127	165	219
126	164	218
125	163	217
124	162	216
122	160	214
121	159	213
121	159	213
122	160	214
122	160	214
121	159	213
118	156	210
114	152	206
112	150	204
113	151	205
123	150	206
141	146	201
150	144	201
149	143	200
148	142	199
145	142	198
143	140	196
139	138	194
136	137	193
135	138	193
135	138	193
132	137	192
130	137	192
127	137	191
127	137	191
126	136	190
128	135	190
130	133	188
131	132	188
131	132	188
130	131	187
129	130	186
128	129	185
127	128	184
127	128	184
123	124	180
123	124	180
122	125	180
123	126	181
123	126	181
125	126	182
124	127	182
125	126	182
125	127	181
123	126	177
120	124	175
119	123	174
119	123	174
117	121	172
114	118	171
112	116	169
111	115	168
110	114	167
107	113	166
104	110	163
102	108	161
99	105	158
97	102	157
96	102	155
98	105	155
97	104	153
99	104	153
99	103	152
96	100	151
90	99	149
83	98	147
75	98	146
64	98	144
58	100	145
53	104	147
50	105	148
50	105	150
48	103	148
47	99	145
45	97	143
44	100	147
42	101	147
43	102	148
43	101	150
42	100	149
41	98	149
40	97	149
39	96	148
41	97	152
43	99	154
43	98	155
43	97	157
42	96	156
42	96	157
44	98	159
46	100	160
50	106	161
49	103	156
46	100	153
46	100	153
49	103	156
51	105	158
53	107	160
53	107	160
49	103	156
50	104	157
51	105	158
52	106	159
53	107	160
54	108	161
54	108	161
54	108	163
53	107	167
54	108	169
54	108	168
53	107	168
52	106	166
51	105	166
52	106	166
54	108	169
52	106	166
52	106	167
52	106	166
52	106	167
52	106	166
52	106	167
51	105	165
51	105	166
156	185	229
157	186	230
158	187	231
160	189	233
161	190	235
164	190	236
159	185	232
154	182	229
155	183	230
157	187	234
157	187	236
150	182	231
145	177	226
148	181	230
146	179	229
141	176	226
137	172	222
131	168	218
130	167	219
133	170	222
135	172	224
134	168	222
134	164	221
132	162	219
130	160	217
130	161	216
131	162	217
133	164	219
134	165	220
129	161	214
142	174	227
147	180	230
139	172	222
135	168	218
141	174	224
143	176	226
137	172	222
128	168	216
130	172	219
132	174	221
129	171	218
124	166	213
123	163	211
127	167	216
134	171	221
136	173	223
135	172	222
135	169	222
134	168	221
134	166	219
134	166	219
133	164	219
131	165	219
129	165	219
127	165	219
126	164	218
124	162	216
123	161	215
122	160	214
121	159	213
121	159	213
122	160	214
122	160	214
121	159	213
118	156	210
114	152	206
111	149	203
111	149	203
121	148	204
140	145	200
149	143	200
148	142	199
147	141	198
143	140	196
141	138	194
137	136	192
134	135	191
133	136	191
133	136	191
131	136	191
131	136	191
129	136	191
128	135	190
128	135	190
128	135	190
130	133	188
130	133	188
129	132	187
128	131	186
127	130	185
126	129	184
127	128	184
127	128	184
124	125	181
124	125	181
124	125	181
124	125	181
124	125	181
126	125	181
124	125	181
124	125	181
124	126	180
123	125	179
120	124	177
119	123	176
119	123	176
116	120	173
113	117	170
110	114	167
107	113	166
106	112	165
105	111	164
102	108	161
100	106	159
98	104	157
96	102	155
95	101	154
95	104	154
97	104	154
99	103	154
98	102	153
96	100	151
90	99	149
83	98	147
75	98	146
64	98	144
58	100	145
53	102	146
51	104	147
51	104	147
51	102	145
50	99	143
48	98	144
43	99	146
41	101	147
41	100	149
41	100	149
40	99	148
39	98	148
38	96	148
37	95	147
39	96	151
40	97	152
41	98	154
40	96	155
39	95	154
39	95	154
41	97	156
44	99	156
46	102	157
43	100	152
41	98	150
41	98	150
43	100	152
46	103	155
47	104	156
48	105	157
46	103	155
46	103	155
47	104	156
47	104	156
47	104	156
46	103	155
46	103	155
45	101	156
49	106	162
50	106	165
51	108	164
50	106	165
48	105	161
47	103	162
47	104	160
49	105	164
49	106	162
48	104	163
48	105	161
47	103	162
47	104	160
47	103	162
47	104	160
47	103	162
153	178	222
151	178	222
155	180	224
155	182	226
156	182	228
160	186	233
157	183	230
154	182	229
154	181	231
155	185	234
155	185	234
149	181	230
146	177	228
145	178	228
141	174	224
134	167	217
127	161	214
126	160	213
128	162	215
129	166	218
134	168	222
135	165	222
134	163	220
129	159	216
127	156	213
125	156	211
127	157	212
128	159	214
131	161	216
129	161	214
135	166	219
134	167	217
133	164	215
136	169	219
141	172	223
132	165	215
116	151	201
128	170	217
125	171	218
126	172	219
125	169	216
122	166	213
124	166	213
127	168	217
132	172	221
136	173	223
135	172	222
135	169	222
133	167	220
133	165	218
132	164	217
132	163	218
129	163	217
130	166	220
127	165	219
125	163	217
124	162	216
122	160	214
122	160	214
122	160	214
122	160	214
122	160	214
123	161	215
122	160	214
119	157	211
115	153	207
112	150	204
111	149	203
121	148	204
137	144	201
148	142	199
145	142	198
144	141	197
142	139	195
138	137	193
136	135	191
132	133	189
131	134	189
131	134	189
129	134	189
129	134	189
127	134	189
128	135	190
128	135	190
128	135	190
128	133	188
128	133	188
126	131	186
125	130	185
124	129	184
126	129	184
126	129	184
127	128	184
125	128	183
126	127	183
125	126	182
124	125	181
124	125	181
125	124	180
124	123	179
122	123	179
123	124	180
120	123	178
119	123	176
118	122	175
116	122	175
115	119	172
109	115	168
105	111	164
105	111	164
104	110	163
103	109	162
101	107	160
99	105	158
97	103	156
95	101	154
94	100	153
95	104	154
94	103	153
96	103	153
97	101	152
96	100	151
92	99	149
85	99	148
77	99	147
65	98	144
59	100	145
54	101	145
52	101	145
51	101	143
53	100	144
54	99	142
51	98	142
44	99	144
42	98	145
41	99	148
43	99	148
40	98	147
42	97	148
39	96	147
40	94	147
37	94	146
40	94	149
39	95	150
40	93	150
37	92	149
38	90	150
38	93	150
42	95	152
46	100	153
46	98	151
42	96	149
45	97	150
45	99	152
49	101	154
48	102	155
50	102	155
47	101	154
49	101	154
48	102	155
50	102	155
47	101	154
49	101	154
46	100	153
45	99	152
47	101	156
49	103	158
48	104	159
49	103	158
45	101	156
45	99	154
43	99	154
46	100	155
45	101	156
46	100	155
44	100	155
45	99	154
43	99	154
45	99	154
44	100	155
46	100	155
161	184	229
160	185	229
160	183	228
159	184	228
159	183	229
152	178	225
153	178	228
153	178	228
153	178	228
152	179	229
151	178	229
148	177	228
147	176	227
143	174	225
138	169	222
131	162	215
128	159	214
131	162	217
135	166	221
135	169	223
138	169	224
140	169	226
140	167	224
134	163	220
133	160	217
130	160	215
134	161	217
135	165	220
139	166	222
140	171	224
134	162	216
131	162	213
138	167	218
134	165	216
130	159	210
135	166	217
145	180	230
126	170	217
122	171	217
120	169	215
121	167	214
121	167	214
124	168	215
129	170	219
131	171	220
133	170	220
132	169	219
133	167	220
131	165	218
132	164	217
133	164	217
133	163	218
132	163	218
130	166	220
127	165	219
125	163	217
123	161	215
122	160	214
122	160	214
122	160	214
122	160	214
122	160	214
123	161	215
123	161	215
120	158	212
116	154	208
113	151	205
112	150	204
121	148	204
137	144	201
146	142	201
143	141	200
141	139	198
139	137	196
135	136	194
132	133	191
130	132	190
128	130	188
127	131	189
127	131	189
127	131	189
126	133	190
127	134	191
127	134	191
127	134	191
127	134	191
125	132	189
124	131	188
122	129	186
121	128	185
123	127	185
124	128	186
126	128	186
125	129	187
127	129	187
125	127	185
125	126	184
123	124	182
122	123	181
120	121	179
120	121	179
118	122	180
117	121	179
116	121	176
115	120	175
112	119	174
111	116	171
105	112	167
101	108	163
101	108	163
101	108	163
101	107	160
99	105	158
97	103	156
96	102	155
94	100	153
93	99	152
94	103	153
94	103	153
96	103	153
97	101	152
96	100	151
93	100	150
85	99	147
79	99	146
68	99	144
62	99	143
56	99	142
51	99	141
52	98	139
55	98	141
56	98	140
56	99	142
47	96	142
46	95	143
45	97	144
48	97	147
46	97	147
48	96	148
45	95	147
47	94	148
45	95	148
48	95	149
46	96	149
47	94	150
43	92	148
45	91	149
45	94	150
49	96	152
53	100	154
53	100	152
51	99	151
54	101	153
55	103	155
57	104	156
56	104	156
56	103	155
54	102	154
55	102	154
55	103	155
57	104	156
56	104	156
57	104	156
55	103	155
55	103	155
53	100	154
55	102	156
55	105	158
56	103	157
52	102	155
51	98	152
49	99	152
51	98	152
50	100	153
51	98	152
48	98	151
50	97	151
48	98	151
51	98	152
50	100	153
53	100	154
42	65	110
42	65	110
40	63	108
38	61	106
37	60	106
45	68	116
45	70	120
46	71	121
47	71	123
43	70	121
42	69	120
41	70	121
42	70	124
46	74	128
40	67	123
33	63	118
34	64	119
41	71	126
46	76	131
46	77	132
45	75	130
50	77	134
47	74	131
44	71	128
41	68	125
41	68	124
44	71	127
47	74	130
50	77	133
47	75	129
36	64	118
40	69	120
50	79	130
38	67	118
27	56	107
64	93	144
116	149	199
127	171	218
120	169	215
118	167	213
119	165	212
122	168	215
126	170	217
130	171	220
131	171	220
130	167	217
129	166	216
131	165	218
132	164	217
133	164	217
133	164	217
134	164	219
133	164	219
131	167	221
127	165	219
125	163	217
123	161	215
122	160	214
122	160	214
122	160	214
122	160	214
122	160	214
123	161	215
123	161	215
121	159	213
117	155	209
114	152	206
113	151	205
120	150	205
133	144	201
141	142	200
140	141	199
139	140	198
136	138	196
133	135	193
129	133	191
127	131	189
123	130	187
123	130	187
124	131	188
124	131	188
123	132	189
124	133	190
124	133	190
125	134	191
123	134	191
121	132	189
119	130	187
118	129	186
119	128	185
119	128	185
122	129	186
122	129	186
125	132	189
124	131	188
124	128	186
122	126	184
120	124	182
120	122	180
118	120	178
115	119	177
113	122	179
112	121	178
111	120	177
111	120	177
110	119	176
106	116	170
101	111	165
98	108	162
101	108	163
100	107	162
99	107	160
99	105	158
97	103	156
95	101	154
94	100	153
91	99	152
92	103	153
94	103	153
96	103	153
97	101	152
96	100	151
93	100	150
85	99	147
79	99	146
70	99	144
64	99	143
55	97	139
53	97	138
53	95	137
56	96	138
60	98	140
61	98	142
52	92	140
52	93	142
51	94	143
54	95	144
53	96	145
55	95	147
53	96	147
55	95	148
55	97	150
58	98	151
56	98	151
57	96	151
53	94	149
55	94	149
55	96	151
59	98	153
58	98	151
59	97	151
59	98	150
61	99	153
63	102	154
64	102	156
63	102	154
61	99	153
58	97	149
59	97	151
61	100	152
62	100	154
63	102	154
64	102	156
64	103	155
63	103	155
64	104	156
66	106	158
65	108	159
67	107	159
62	105	156
62	102	154
59	102	153
61	101	153
59	102	153
61	101	153
58	101	152
59	99	151
58	101	152
61	101	153
61	104	155
64	104	156
42	63	108
44	65	110
45	66	111
46	67	112
44	67	113
46	69	119
46	70	122
48	72	124
48	72	126
46	70	124
44	68	122
41	67	121
41	66	122
45	70	126
44	69	125
41	68	124
39	66	123
38	65	122
40	67	124
42	71	128
48	75	132
50	77	134
50	74	132
47	71	129
45	69	127
45	70	126
46	71	127
49	74	130
51	76	132
49	75	129
52	78	132
42	69	120
40	67	118
45	72	123
43	70	121
37	64	115
136	169	219
127	171	218
124	173	219
123	172	218
122	168	215
120	166	213
125	169	216
130	171	220
132	172	221
127	164	214
127	164	214
129	163	216
131	163	216
132	163	216
132	163	216
135	162	218
133	163	218
130	166	220
125	163	217
121	159	213
121	159	213
123	161	215
124	162	216
122	160	214
119	157	211
123	161	215
123	161	215
123	161	215
119	157	211
115	153	207
113	151	205
113	151	205
121	151	206
127	141	199
137	143	202
137	143	202
135	141	200
134	140	199
134	140	199
127	135	194
120	128	187
124	132	191
124	132	191
120	128	187
117	125	184
119	130	188
126	137	195
126	137	195
122	133	191
117	129	187
117	129	187
116	128	186
116	128	186
117	129	187
119	131	189
121	132	190
122	133	191
118	129	187
120	131	189
121	132	190
119	130	188
115	126	184
114	122	181
112	120	179
113	121	180
106	118	176
107	121	179
104	118	176
109	123	181
102	114	172
96	109	165
107	118	175
95	106	163
100	110	164
100	107	162
97	105	158
96	104	157
99	105	158
100	106	159
99	106	156
97	106	156
97	108	160
96	107	159
96	105	155
98	102	153
95	99	150
92	96	147
84	96	144
78	96	143
71	98	142
63	97	140
58	97	136
55	96	135
57	96	135
61	96	136
65	97	138
67	99	142
67	100	146
66	98	147
65	98	147
66	98	147
66	99	148
65	96	147
61	94	144
59	90	143
65	97	150
65	96	149
64	96	149
66	97	150
66	98	151
66	96	151
62	93	148
60	91	144
67	95	149
67	95	149
67	96	147
68	96	150
68	97	148
68	96	150
69	98	149
69	97	151
66	95	146
68	96	150
71	100	151
72	100	154
71	100	151
70	98	152
70	99	150
71	100	151
69	100	151
71	102	153
72	105	155
74	105	156
73	106	156
72	103	154
69	102	152
68	99	150
69	102	152
69	100	151
67	100	150
67	98	149
64	97	147
64	95	146
62	95	145
62	93	144
42	62	109
43	64	109
44	64	111
45	66	111
43	66	112
46	69	119
47	71	125
49	73	127
49	73	127
47	71	125
45	68	124
42	67	123
42	67	123
46	71	127
47	71	129
46	70	128
44	68	126
42	66	124
43	67	125
44	71	128
48	72	130
48	72	130
49	71	129
46	70	128
47	69	127
46	71	127
50	73	129
50	75	131
53	76	132
45	71	125
52	76	130
46	73	124
47	71	123
48	75	126
46	70	122
37	64	115
135	166	217
128	170	217
125	171	218
123	169	216
122	166	213
120	164	211
123	165	212
126	166	215
130	167	217
127	164	214
128	163	213
130	162	215
131	162	215
131	162	215
131	162	215
133	160	216
131	161	216
127	163	217
123	161	215
122	160	214
121	159	213
122	160	214
123	161	215
122	160	214
121	159	213
122	160	214
123	161	215
123	161	215
122	160	214
119	157	211
116	154	208
112	150	204
117	148	203
121	140	197
131	143	201
131	143	201
127	139	197
125	137	195
124	136	194
122	134	192
117	129	187
120	134	192
120	132	190
117	131	189
118	132	190
120	134	192
121	135	193
122	136	194
122	136	194
110	127	184
111	128	185
113	130	187
114	131	188
115	132	189
114	131	188
114	131	188
113	130	187
113	130	187
112	129	186
111	128	185
112	129	186
112	129	186
111	128	185
108	122	180
102	119	176
106	124	183
107	127	185
101	121	179
106	125	182
102	121	178
102	119	176
107	122	178
84	97	153
99	111	165
98	108	162
96	107	159
97	105	158
100	106	159
100	106	159
100	107	157
99	106	156
94	107	159
93	106	158
95	104	154
95	102	152
94	98	149
92	96	147
86	96	144
80	96	143
69	94	138
64	93	137
59	94	134
58	93	133
58	93	133
62	93	132
65	94	133
68	93	135
66	90	136
65	88	136
64	87	135
64	87	135
65	88	136
65	88	136
63	86	136
61	84	134
65	88	138
64	87	137
64	87	137
64	87	137
66	88	140
65	87	139
62	84	136
61	82	134
64	83	134
64	83	134
64	83	134
64	83	134
65	84	135
65	84	135
65	84	135
66	85	136
62	81	132
65	84	135
68	87	138
69	88	139
67	86	137
66	85	136
66	85	136
67	86	137
66	88	136
66	89	137
66	89	137
66	89	137
65	88	136
64	87	135
62	85	133
61	84	132
63	86	134
62	85	133
62	85	133
61	84	132
60	83	131
59	82	130
59	82	130
58	81	129
41	61	109
42	62	109
43	63	111
44	64	111
42	64	112
47	69	121
47	71	125
49	73	127
49	72	128
47	70	126
45	68	124
45	68	124
45	67	125
50	72	130
51	73	131
51	73	131
50	71	132
47	68	129
46	67	128
45	69	129
48	69	130
46	68	126
48	68	126
47	69	127
50	70	128
49	72	128
53	73	130
52	75	131
54	74	131
49	73	127
54	75	130
49	73	125
49	71	123
46	70	122
47	69	121
43	67	119
138	167	218
133	171	219
130	172	219
129	171	218
127	167	215
125	165	213
126	164	212
127	164	214
132	167	217
131	166	216
132	165	215
132	164	217
132	163	216
132	163	216
133	161	215
132	159	215
130	160	215
124	160	214
123	161	215
124	162	216
124	162	216
123	161	215
123	161	215
124	162	216
126	164	218
123	161	215
123	161	215
124	162	216
125	163	217
123	161	215
119	157	211
113	151	205
113	147	201
134	157	213
142	161	218
143	162	219
138	157	214
134	153	210
136	155	212
138	157	214
138	157	214
138	158	215
135	154	211
136	156	213
142	162	219
142	162	219
136	156	213
137	157	214
144	164	221
148	168	225
150	170	227
153	173	230
155	175	232
153	176	232
151	174	230
149	172	228
147	170	226
154	177	233
150	173	229
146	171	227
149	174	230
154	179	235
154	179	235
146	171	227
139	164	220
143	170	227
146	174	234
139	165	225
141	168	225
144	168	226
150	172	230
146	166	223
108	125	181
97	113	166
97	111	164
97	108	160
98	106	159
101	108	158
101	108	158
102	106	157
99	106	156
92	105	157
90	104	156
92	103	153
94	101	151
93	97	148
91	95	146
86	96	144
81	96	142
71	93	135
65	93	134
63	94	133
62	93	132
62	93	132
65	92	129
68	91	129
70	90	131
72	88	134
71	85	133
69	83	131
69	83	131
71	85	133
73	87	135
73	87	135
73	87	135
72	86	134
71	85	133
70	84	132
71	85	133
73	87	135
72	86	134
70	84	132
68	82	130
68	80	128
68	80	128
69	81	129
69	81	129
70	82	130
70	82	130
70	82	130
70	82	130
67	79	127
69	81	129
72	84	132
73	85	133
72	84	132
70	82	130
70	82	130
71	83	131
69	83	131
69	83	131
68	82	130
68	82	130
67	81	129
66	80	128
65	79	127
64	78	126
67	81	129
67	81	129
66	80	128
66	80	128
65	79	127
65	79	127
64	78	126
64	78	126
40	59	110
41	61	109
42	61	112
43	63	111
42	63	114
46	67	122
46	69	125
48	71	127
49	72	128
47	70	126
45	67	125
45	67	125
45	67	125
49	71	129
50	71	132
52	73	134
53	72	133
49	70	131
48	67	128
45	66	128
48	66	129
47	67	125
48	68	126
50	70	128
52	72	130
52	72	129
53	73	130
52	72	129
52	72	129
55	76	131
54	75	130
50	72	124
46	68	120
40	62	114
45	67	119
48	70	122
139	166	217
135	171	219
130	170	218
131	169	217
132	170	218
132	168	216
130	166	214
132	167	217
138	171	221
134	167	217
134	167	217
134	165	218
133	164	217
134	162	216
133	161	215
133	160	216
130	160	215
122	158	212
124	162	216
127	165	219
127	165	219
125	163	217
124	162	216
127	165	219
130	168	222
125	163	217
124	162	216
124	162	216
124	162	216
124	162	216
121	159	213
115	153	207
113	149	203
124	154	209
135	160	216
134	161	217
131	156	212
125	152	208
131	156	212
135	162	218
140	165	221
136	161	217
131	156	212
135	160	216
146	171	227
144	169	225
132	157	213
133	158	214
145	170	226
141	166	222
142	167	223
144	169	225
146	171	227
144	171	227
143	170	226
141	168	224
137	167	222
141	171	226
138	169	224
136	170	224
140	174	228
143	177	231
142	176	230
136	170	224
129	164	220
123	160	218
135	172	230
130	164	223
131	163	222
135	165	222
143	172	229
137	162	218
91	111	168
95	112	168
95	111	164
96	109	161
98	109	161
102	109	159
104	108	159
103	106	157
98	105	155
91	104	156
89	103	155
91	102	152
93	100	150
93	97	148
91	95	146
88	96	143
83	96	142
73	92	135
69	93	135
67	96	135
66	95	134
68	95	132
70	93	131
72	91	129
72	89	128
78	89	133
78	87	131
73	84	128
75	84	128
76	87	131
81	90	134
82	93	137
84	93	137
79	90	134
80	89	133
77	88	132
80	89	133
80	91	135
82	91	135
79	90	134
80	89	133
77	86	130
79	85	130
78	87	131
80	86	131
78	87	131
81	87	132
79	88	132
81	87	132
76	85	129
80	86	131
81	90	134
83	89	134
80	89	133
80	86	131
78	87	131
78	87	131
78	87	131
77	85	132
74	85	129
75	83	130
73	84	128
75	83	130
74	85	129
76	84	131
77	88	132
79	87	134
76	87	131
77	85	132
74	85	129
75	83	130
72	83	127
74	82	129
40	58	111
40	59	110
42	60	113
44	63	114
44	65	117
44	65	120
45	68	124
49	69	126
50	70	128
49	69	127
47	67	125
47	67	125
47	66	127
48	67	128
50	69	130
53	72	133
54	71	134
50	68	131
49	66	129
47	65	128
48	65	128
50	68	127
51	69	128
53	71	130
54	72	131
54	73	130
53	72	129
51	70	127
50	69	126
54	74	129
51	71	126
53	74	126
52	73	125
43	64	116
49	70	122
49	70	122
129	153	205
128	160	209
125	158	207
126	159	208
130	163	212
130	163	212
127	160	209
129	162	212
136	167	218
132	163	214
132	163	214
131	162	215
130	161	214
131	159	213
130	158	212
130	157	213
127	157	212
119	155	209
121	159	213
125	163	217
125	163	217
123	161	215
123	161	215
125	163	217
127	165	219
126	164	218
124	162	216
123	161	215
122	160	214
121	159	213
120	158	212
118	156	210
119	155	209
120	153	209
127	157	214
126	159	215
121	151	208
114	147	203
120	150	207
125	158	214
130	160	217
127	157	214
123	153	210
128	158	215
139	169	226
136	166	223
125	155	212
125	155	212
137	166	223
144	173	230
146	173	230
144	173	230
143	172	229
143	173	230
143	173	230
142	175	231
141	176	232
133	170	226
134	173	228
135	176	231
136	177	232
134	178	232
131	175	229
129	173	227
126	172	226
114	159	216
132	176	235
132	174	233
131	171	230
133	170	228
144	177	233
138	168	223
92	117	173
92	113	168
94	112	165
96	110	162
98	109	161
103	110	160
104	108	159
102	105	156
99	103	154
88	102	154
86	103	154
90	101	153
93	99	152
93	97	148
92	96	147
89	97	144
84	97	143
72	91	134
69	93	135
68	94	134
68	95	132
70	94	130
71	93	129
73	91	128
77	89	129
78	87	130
77	84	127
72	81	124
73	80	123
74	83	126
80	87	130
81	90	133
84	91	134
79	88	131
80	87	130
77	86	129
80	87	130
80	90	130
84	92	132
81	91	131
82	90	130
78	85	128
80	86	129
79	86	129
80	86	129
80	87	130
81	87	130
80	87	130
81	87	130
77	84	127
80	86	129
81	88	131
83	89	132
80	87	130
79	85	128
78	85	128
78	85	128
76	83	126
76	82	127
74	83	126
76	82	127
75	84	127
78	84	129
77	86	129
80	86	131
80	89	132
82	88	133
78	87	130
79	85	130
75	84	127
75	81	126
72	81	124
73	79	124
40	58	111
41	59	112
44	62	115
47	65	118
47	67	122
45	65	122
45	68	124
50	70	128
51	71	129
50	70	128
48	68	126
48	67	128
49	68	129
45	64	125
48	67	128
52	69	132
52	69	132
51	68	131
50	67	130
51	68	131
51	68	131
53	71	132
53	71	130
54	72	131
55	73	132
54	73	130
53	72	129
52	71	128
50	69	126
50	70	125
47	67	122
57	78	130
63	84	136
52	73	125
56	77	129
47	68	120
114	136	188
117	144	194
112	142	191
115	145	194
121	151	200
122	152	201
117	147	196
118	149	200
126	157	208
126	157	208
126	157	208
126	157	210
125	156	209
126	154	208
126	154	208
125	152	208
123	153	208
116	152	206
116	154	208
119	157	211
121	159	213
121	159	213
120	158	212
120	158	212
121	159	213
122	160	214
123	161	215
123	161	215
121	159	213
119	157	211
118	156	210
120	158	212
122	160	214
128	165	221
130	167	223
128	165	221
119	156	212
115	152	208
117	154	210
121	158	214
123	160	216
129	164	220
126	161	217
130	165	221
137	172	228
136	171	227
130	165	221
129	164	220
137	170	226
135	165	222
135	165	222
134	164	221
132	165	221
133	166	222
133	168	224
133	170	226
133	172	227
127	168	223
126	172	226
127	174	228
125	175	228
122	172	225
118	170	223
119	171	224
120	171	227
105	155	213
123	173	231
124	172	230
124	170	228
123	166	223
130	168	226
128	161	217
89	116	172
90	114	168
93	110	166
96	110	162
98	109	161
102	109	159
104	107	158
103	104	155
97	101	152
88	102	154
86	103	154
90	101	153
93	99	152
94	98	149
93	97	148
90	98	145
86	99	145
70	89	132
68	90	131
66	92	129
66	92	129
70	92	128
73	91	128
75	91	128
79	90	128
80	90	130
79	87	127
75	83	123
74	82	122
76	84	124
79	87	127
81	90	128
82	90	130
81	90	128
80	89	127
79	88	126
80	89	127
82	91	129
84	93	131
85	94	131
84	93	131
78	87	125
79	85	126
80	87	126
80	86	127
81	88	127
81	87	128
81	88	127
81	87	128
77	84	123
79	85	126
82	89	128
82	88	129
80	87	126
78	84	125
78	85	124
78	84	125
75	83	123
75	82	125
76	84	124
76	83	126
77	85	125
78	85	128
78	86	126
78	85	128
80	88	128
80	87	130
79	87	127
77	84	127
75	83	123
74	81	124
73	81	121
72	79	122
38	58	113
40	60	115
44	64	119
48	68	123
50	70	125
47	67	124
50	70	128
52	72	130
53	73	131
52	72	130
51	71	129
51	70	131
52	71	132
45	62	125
48	65	128
51	68	131
52	69	132
54	68	134
55	69	135
57	71	137
59	74	137
55	70	132
56	72	131
56	72	131
57	73	132
57	74	131
57	74	131
57	74	131
56	73	130
59	76	132
51	68	124
61	79	132
68	86	139
57	75	128
63	81	134
52	70	123
108	129	181
114	139	189
107	134	184
110	137	187
118	145	195
118	145	195
112	139	189
112	141	192
120	149	200
126	155	206
126	155	206
126	154	208
126	154	208
124	155	208
123	154	207
123	153	208
122	153	208
118	154	208
116	154	208
117	155	209
120	158	212
122	160	214
121	159	213
119	157	211
117	155	209
114	152	206
120	158	212
125	163	217
124	162	216
119	157	211
117	155	209
120	158	212
124	162	216
118	159	214
119	160	215
115	156	211
108	149	204
107	148	203
110	151	206
114	153	208
113	152	207
120	159	214
120	159	214
121	160	215
123	162	217
126	163	219
126	163	219
125	162	218
123	160	216
134	167	223
135	168	224
136	169	225
136	171	227
136	173	229
136	175	230
135	176	231
133	177	231
134	180	234
130	180	233
127	179	232
124	178	231
123	180	232
122	180	232
121	179	231
120	177	232
114	171	227
126	180	240
124	177	234
126	176	234
127	174	230
130	173	230
127	164	220
92	123	178
87	113	167
90	110	165
95	109	161
98	109	161
102	109	159
103	106	157
102	103	153
96	100	151
88	102	154
86	103	154
88	101	153
92	100	153
95	99	150
94	98	149
92	100	147
90	100	147
72	89	132
68	90	131
65	91	128
67	90	128
71	90	127
76	92	129
80	94	130
83	94	132
84	95	133
81	92	130
78	89	127
77	88	126
78	89	127
79	90	128
79	91	127
79	90	128
80	92	128
78	90	126
77	89	125
78	90	126
81	93	129
84	96	132
85	97	131
87	96	133
82	91	128
82	91	129
82	91	128
83	92	130
83	92	129
83	92	130
84	93	130
84	93	131
79	88	125
82	91	129
84	93	130
84	93	131
82	91	128
80	89	127
79	88	125
79	88	126
77	88	126
77	87	127
78	89	127
79	89	129
78	89	127
77	87	127
75	86	124
74	84	124
75	86	124
75	85	125
75	86	124
75	85	125
75	86	124
74	84	124
74	85	123
74	84	124
39	58	115
41	61	116
45	64	121
50	70	125
53	72	129
49	69	127
52	71	132
53	74	135
55	74	135
52	73	134
53	72	133
52	73	134
54	72	135
44	62	125
46	64	127
49	67	130
51	69	132
54	70	136
56	72	138
59	75	141
61	78	141
54	69	131
55	71	130
56	72	131
56	72	131
58	74	133
59	76	133
60	77	134
60	77	134
72	89	146
56	73	129
59	76	132
63	80	136
52	70	123
66	81	137
57	75	128
115	133	186
119	142	192
114	137	187
116	139	189
122	147	197
121	146	196
112	139	190
113	140	191
121	148	199
127	156	207
127	155	209
128	156	210
126	157	210
126	157	210
125	157	210
125	156	211
123	157	211
122	158	212
119	157	211
119	157	211
122	160	214
125	163	217
125	163	217
121	159	213
117	155	209
108	146	200
117	155	209
126	164	218
127	165	219
121	159	213
117	155	209
119	157	211
123	163	216
116	157	212
114	158	212
111	155	209
107	151	205
110	154	208
115	159	213
119	160	215
117	158	213
122	163	218
123	164	219
122	163	218
121	162	217
125	166	221
132	171	226
128	170	223
124	161	217
124	159	215
129	162	218
133	166	222
134	169	225
134	171	227
133	172	227
130	171	226
127	171	225
130	176	230
123	170	224
113	165	218
111	165	218
113	170	222
115	172	224
112	170	222
108	165	220
117	173	232
122	176	236
115	169	229
119	171	231
121	169	227
124	166	225
119	156	212
85	116	171
86	113	164
90	111	162
95	111	158
98	110	158
101	108	157
101	106	155
98	103	152
93	100	149
89	103	151
88	104	151
89	103	151
92	102	150
94	101	150
95	101	148
93	102	146
91	102	146
76	92	134
72	93	131
70	91	129
70	91	129
73	92	129
79	95	132
84	98	134
88	100	136
84	95	133
81	92	130
78	89	127
76	87	125
77	89	125
77	89	125
76	88	124
75	87	123
77	89	125
75	87	123
74	86	122
75	87	123
78	90	124
81	93	129
82	94	128
84	93	130
82	91	128
83	92	129
83	92	129
83	92	129
84	93	130
84	93	130
84	93	130
84	93	130
80	89	126
82	91	128
84	93	130
84	93	130
82	91	128
80	89	126
79	88	125
79	88	126
78	89	127
79	90	128
78	91	129
80	91	129
76	89	127
75	86	124
70	83	121
69	80	118
68	81	119
71	82	120
70	83	121
73	84	122
72	85	123
75	86	124
74	87	125
76	87	125
45	61	120
46	63	120
48	64	123
50	67	124
50	68	127
46	67	129
50	71	133
51	74	136
53	74	136
49	72	134
50	71	133
50	73	135
54	74	139
50	70	135
51	71	136
52	72	137
50	70	135
47	67	132
47	67	132
50	70	135
56	74	139
52	69	132
54	72	133
56	74	135
59	77	138
64	79	141
66	82	141
68	84	143
68	84	143
66	80	139
60	74	132
62	76	134
62	76	134
67	82	138
63	75	133
68	83	139
122	137	193
119	137	190
118	139	190
120	141	193
118	140	192
116	138	190
113	137	189
112	139	190
113	139	193
112	140	194
119	147	201
121	152	205
118	149	204
116	147	202
115	149	203
116	150	204
112	148	202
110	148	202
115	153	207
117	155	209
114	152	206
116	154	208
122	160	214
123	161	215
119	157	211
114	152	206
113	151	205
119	157	211
126	164	218
127	165	219
122	160	214
122	160	214
126	166	219
114	155	210
111	154	211
112	155	212
116	159	216
119	163	217
119	163	217
114	158	212
109	153	207
120	164	217
122	166	219
121	165	218
119	163	216
121	165	218
129	171	224
129	174	225
130	170	223
129	162	218
133	163	220
136	166	223
136	169	225
138	171	227
136	171	227
133	170	226
131	170	225
129	170	225
128	172	226
129	173	227
126	172	226
123	170	224
122	169	223
121	170	226
122	170	228
124	171	233
113	161	225
118	166	230
115	163	229
122	168	232
125	166	228
124	161	219
57	88	141
63	87	133
69	88	131
74	89	128
74	86	126
72	84	124
71	85	127
71	86	132
74	89	135
71	87	129
71	87	129
73	87	129
74	88	130
78	90	132
79	91	131
77	89	129
73	88	127
81	96	135
76	94	131
73	91	128
72	90	127
74	92	129
79	95	132
81	97	134
84	97	135
82	93	131
83	92	130
82	91	129
80	89	127
80	89	127
79	88	126
79	88	126
80	89	127
81	90	128
81	90	128
82	91	129
82	91	129
82	91	128
81	90	128
80	89	126
80	89	127
79	88	126
80	87	126
80	87	126
81	88	127
82	89	128
83	90	129
84	91	130
85	92	131
81	88	127
82	89	128
82	89	128
82	89	128
82	89	128
81	88	127
80	87	126
78	87	125
77	90	128
76	88	128
74	89	128
75	87	127
73	88	127
74	86	126
72	87	126
73	85	125
69	84	123
70	82	122
68	83	122
70	82	122
68	83	122
71	83	123
70	85	124
73	85	125
44	60	119
45	61	120
48	64	123
50	66	125
49	67	128
46	65	126
47	68	130
50	71	133
50	71	133
49	70	132
48	69	131
50	71	133
52	73	135
48	69	131
50	71	133
50	71	133
49	70	132
47	68	130
48	69	131
51	72	134
54	75	137
52	70	133
54	71	134
56	74	135
59	77	138
62	80	141
66	81	143
67	83	142
68	84	143
65	81	140
62	76	135
63	77	135
62	76	134
67	81	139
63	75	133
69	81	139
120	135	191
118	136	189
121	140	191
122	143	195
123	144	196
120	142	194
116	140	192
113	139	193
113	139	193
111	139	193
115	145	200
118	149	204
117	148	203
114	148	202
117	151	205
117	153	207
116	152	206
117	153	207
120	156	210
119	155	209
115	151	205
116	152	206
122	158	212
124	160	214
122	158	212
117	153	207
117	153	207
122	158	212
128	164	218
128	164	218
124	160	214
124	160	214
126	163	219
114	154	212
114	154	212
115	155	213
116	156	214
117	158	213
115	156	211
111	152	207
108	149	204
111	153	206
120	162	215
125	167	220
125	167	220
125	168	219
128	171	222
131	174	225
133	173	226
133	166	222
135	165	222
133	166	222
134	167	223
136	169	225
135	170	226
137	172	228
135	172	228
132	171	226
130	171	226
130	171	226
127	171	225
126	170	224
123	168	225
124	169	226
125	169	228
124	168	231
115	160	227
119	167	233
114	161	229
119	164	231
122	163	226
122	159	217
55	86	137
63	86	131
70	89	127
75	89	125
76	88	124
70	86	122
68	85	124
68	87	130
70	89	132
72	89	128
72	88	125
71	87	124
72	88	125
74	90	127
75	91	128
75	91	128
73	89	126
77	93	130
76	92	129
75	91	128
76	92	129
78	94	131
80	96	133
79	95	132
81	94	132
83	94	132
84	93	131
83	92	130
82	91	129
81	90	128
81	90	128
81	90	128
81	90	128
80	89	127
80	89	127
81	90	128
82	91	129
82	91	129
82	91	129
81	90	128
81	90	128
80	87	126
80	87	126
80	87	126
81	88	127
82	89	128
83	90	129
84	91	130
85	92	131
82	89	128
82	89	128
81	88	127
81	88	127
80	87	126
80	87	126
80	87	126
79	88	126
76	88	128
73	88	127
73	88	127
73	88	127
73	88	127
73	88	127
72	87	126
72	87	126
73	88	127
72	87	126
71	86	125
70	85	124
69	84	123
69	84	123
69	84	123
69	84	123
43	60	117
45	61	120
47	63	122
49	65	124
50	66	125
47	65	124
49	69	127
51	71	129
52	72	130
51	71	129
51	71	129
52	72	130
53	73	131
48	68	126
49	69	127
51	71	129
51	71	129
50	70	128
51	71	129
54	74	132
56	75	136
52	70	133
53	71	136
55	73	136
58	75	138
61	78	141
63	80	143
64	82	143
67	82	144
66	81	143
61	76	138
62	78	137
62	76	135
68	82	141
62	76	135
67	81	139
118	133	189
112	130	183
114	135	187
117	139	191
119	141	193
116	140	194
113	137	191
109	135	189
108	134	188
110	137	193
113	143	198
114	145	200
112	142	199
110	143	199
115	148	204
116	151	207
115	150	206
119	152	208
119	152	208
116	149	205
112	145	201
112	145	201
118	151	207
121	154	210
121	154	210
121	154	210
121	154	210
125	158	214
128	161	217
128	161	217
124	157	213
124	157	213
128	161	217
116	153	211
117	154	214
119	157	215
118	156	214
115	153	211
111	149	207
109	148	203
108	147	202
108	147	202
120	159	214
130	170	223
130	170	223
127	167	220
128	168	221
130	170	223
131	169	223
134	169	225
135	168	224
132	167	223
131	166	222
133	167	226
133	170	228
136	173	231
137	175	233
131	171	229
128	171	228
126	169	226
123	168	225
123	168	225
122	168	226
123	169	227
124	169	230
120	167	229
115	160	227
121	169	235
113	160	228
115	160	227
115	158	221
120	157	215
54	85	136
63	86	131
70	89	127
75	89	125
76	88	124
71	87	123
68	85	124
69	86	129
71	88	131
72	89	128
72	88	125
70	86	123
70	86	123
72	88	125
74	90	127
74	90	127
74	90	127
74	90	127
74	90	127
75	91	128
77	93	130
79	95	132
80	96	133
78	94	131
78	91	129
82	93	131
84	93	131
83	92	130
82	91	129
81	90	128
81	90	128
80	89	127
80	89	127
78	87	125
79	88	126
80	89	127
81	90	128
82	91	129
82	91	129
82	91	129
82	91	129
81	88	127
80	87	126
80	87	126
80	87	126
81	88	127
82	89	128
84	91	130
84	91	130
82	89	128
81	88	127
80	87	126
79	86	125
78	85	124
79	86	125
80	87	126
79	88	126
74	86	126
72	87	126
72	87	126
72	87	126
73	88	127
73	88	127
73	88	127
73	88	127
77	92	131
76	91	130
74	89	128
71	86	125
69	84	123
68	83	122
68	83	122
67	82	121
43	60	117
44	60	119
46	62	121
48	64	123
50	66	125
52	69	126
53	70	127
53	73	128
56	73	130
54	74	129
56	73	130
55	75	130
57	74	131
48	68	123
51	68	125
50	70	125
54	71	128
53	73	128
56	73	130
56	76	131
58	76	135
54	72	135
55	73	138
56	74	139
57	75	138
59	77	140
62	79	142
64	82	143
65	83	144
62	80	141
61	76	138
62	78	137
59	75	134
66	82	141
65	79	138
69	83	142
115	132	189
108	128	183
111	133	185
114	136	188
115	136	191
112	136	190
110	134	188
107	133	187
105	132	188
106	136	191
109	138	195
108	138	195
105	135	192
104	137	193
109	142	198
111	146	202
112	145	201
118	148	205
118	148	205
116	146	203
114	144	201
115	145	202
119	149	206
122	152	209
124	154	211
124	154	211
125	155	212
126	156	213
127	157	214
125	155	212
123	153	210
124	154	211
126	156	215
118	152	212
122	156	216
122	159	217
123	157	216
116	153	211
114	148	207
112	149	205
115	150	206
115	152	208
126	161	217
130	168	222
132	168	222
128	166	220
130	166	220
127	165	219
125	163	217
132	169	225
132	169	225
130	169	224
130	169	224
131	169	227
133	171	229
133	173	231
134	174	232
130	173	230
126	170	229
123	168	225
121	167	225
121	167	225
123	168	229
121	169	227
121	168	229
119	166	228
117	162	229
123	171	237
112	159	227
112	157	224
114	157	220
120	157	215
54	85	136
64	87	132
71	90	128
77	91	127
78	90	126
74	88	124
70	87	126
70	87	130
72	89	132
73	90	129
72	88	125
69	85	122
68	84	121
70	86	123
73	89	126
74	90	127
74	90	127
74	90	127
73	89	126
73	89	126
75	91	128
78	94	131
79	95	132
78	94	131
79	92	130
80	91	129
82	91	129
82	91	129
82	91	129
81	90	128
80	89	127
79	88	126
78	87	125
78	87	125
78	87	125
80	89	127
81	90	128
82	91	129
83	92	130
83	92	130
83	92	130
81	88	127
80	87	126
80	87	126
80	87	126
81	88	127
82	89	128
83	90	129
83	90	129
83	90	129
82	89	128
79	86	125
77	84	123
77	84	123
78	85	124
80	87	126
80	89	127
73	85	125
71	86	125
71	86	125
72	87	126
73	88	127
73	88	127
74	89	128
74	89	128
76	91	130
75	90	129
73	88	127
71	86	125
69	84	123
68	83	122
68	83	122
67	82	121
43	60	117
44	61	118
46	63	120
48	64	123
50	67	124
52	69	125
55	70	126
54	72	125
57	72	128
56	74	127
59	74	130
56	74	127
58	73	129
50	68	121
53	68	124
52	70	123
56	71	127
57	75	128
61	76	132
59	77	130
60	77	134
57	75	138
55	74	141
55	74	141
55	75	140
57	77	142
61	79	144
63	81	144
65	82	145
60	77	140
58	75	138
60	78	139
58	73	135
68	83	145
67	82	144
70	85	147
115	131	190
113	134	189
112	136	190
113	137	191
112	135	191
109	134	190
109	134	190
110	137	193
112	139	196
102	131	188
103	133	190
100	133	189
98	130	189
100	134	193
108	142	201
112	146	205
113	145	204
115	145	204
116	144	204
117	145	205
120	148	208
122	150	210
124	152	212
125	153	213
127	155	215
124	152	212
126	154	214
126	154	214
124	152	212
122	150	210
122	150	210
123	151	211
123	153	212
121	152	213
125	156	217
126	160	220
127	158	219
121	155	215
121	152	213
120	154	213
123	155	214
126	160	219
129	161	220
126	161	217
127	160	216
129	164	220
135	168	224
131	167	221
125	161	215
129	168	223
128	168	226
130	170	228
131	171	229
130	173	230
130	173	230
129	171	230
127	171	230
128	172	231
124	169	230
121	167	225
119	166	227
120	167	228
121	168	230
119	169	229
118	167	229
117	165	229
117	165	231
123	173	239
111	158	226
111	156	223
115	158	221
120	158	216
54	85	136
64	87	132
72	91	129
78	92	128
80	92	128
76	90	126
74	89	128
71	88	131
73	90	133
75	90	129
74	87	125
71	84	122
70	83	121
72	85	123
75	88	126
76	89	127
76	89	127
78	91	129
76	89	127
74	87	125
74	87	125
77	90	128
80	93	131
82	95	133
82	95	133
82	93	131
84	93	131
85	94	132
85	94	132
84	93	131
82	91	129
81	90	128
80	89	127
78	87	125
78	87	125
80	89	127
81	90	128
82	91	129
83	92	130
83	92	130
83	92	130
81	87	128
80	86	127
80	86	127
80	86	127
80	86	127
81	87	128
82	88	129
82	88	129
84	90	131
82	88	129
80	86	127
78	84	125
77	83	124
78	84	125
80	86	127
81	89	129
74	84	124
72	84	124
73	85	125
73	85	125
74	86	126
75	87	127
75	87	127
75	87	127
73	85	125
73	85	125
72	84	124
71	83	123
70	82	122
70	82	122
71	83	123
71	83	123
43	60	117
45	62	119
47	64	121
49	65	124
50	67	124
51	68	124
52	67	123
50	68	121
54	69	125
54	72	125
57	72	128
54	72	125
54	69	125
52	70	123
54	69	125
53	71	124
58	73	129
59	77	130
63	78	134
61	79	132
59	76	133
60	78	141
57	76	143
57	76	143
57	76	143
58	78	143
59	79	144
64	82	145
65	83	146
59	77	140
59	76	139
61	79	140
56	74	135
68	83	145
69	84	146
71	86	148
111	129	188
108	131	187
108	132	186
108	131	187
106	129	185
104	129	185
105	130	186
107	134	191
108	137	194
98	127	184
99	129	186
97	129	188
98	130	189
102	136	195
112	146	205
117	151	210
118	150	209
108	138	197
108	136	196
109	139	198
116	144	204
118	148	207
118	146	206
119	149	208
123	151	211
123	153	212
126	154	214
125	155	214
121	149	209
118	148	207
122	150	210
123	153	212
123	153	212
122	153	214
124	155	216
124	158	218
126	157	218
123	157	217
125	156	217
124	158	217
127	159	218
128	162	221
127	159	218
121	156	212
123	156	212
129	164	220
139	172	228
136	172	226
128	166	220
126	167	222
125	168	225
128	171	228
128	173	230
128	173	230
127	172	229
126	170	229
123	169	227
126	171	232
121	168	229
118	165	226
117	166	228
120	169	231
121	170	232
116	167	229
115	164	226
117	165	229
117	165	231
121	171	237
107	156	224
109	157	223
117	160	223
122	160	218
53	84	135
63	88	132
72	91	129
78	92	128
80	92	128
77	91	127
74	89	128
71	88	131
72	89	132
74	89	128
74	87	125
72	85	123
72	85	123
74	87	125
76	89	127
76	89	127
76	89	127
79	92	130
76	89	127
74	87	125
74	87	125
77	90	128
81	94	132
84	97	135
87	98	136
85	96	134
88	97	135
88	97	135
89	98	136
88	97	135
86	95	133
84	93	131
83	92	130
78	87	125
79	88	126
80	89	127
81	90	128
82	91	129
82	91	129
82	91	129
82	91	129
81	87	128
81	87	128
80	86	127
80	86	127
80	86	127
80	86	127
81	87	128
81	87	128
84	90	131
83	89	130
81	87	128
80	86	127
79	85	126
80	86	127
81	87	128
81	89	129
75	85	125
73	85	125
73	85	125
73	85	125
74	86	126
74	86	126
74	86	126
74	86	126
70	82	122
70	82	122
70	82	122
70	82	122
70	82	122
71	83	123
72	84	124
73	85	125
46	61	117
47	61	119
50	64	122
52	66	124
51	68	125
51	68	125
49	66	123
47	67	122
51	68	125
52	72	127
56	73	130
52	72	127
52	69	126
53	73	128
54	71	128
53	73	128
58	75	132
59	79	134
63	80	137
59	79	134
57	75	134
61	81	146
58	80	146
56	78	144
56	78	144
58	77	144
60	79	146
63	83	148
66	84	149
62	80	143
62	80	143
63	80	143
56	73	136
66	84	145
67	85	146
67	85	146
106	124	183
100	123	179
99	124	180
100	125	181
100	125	181
97	124	181
98	125	182
98	127	184
101	130	187
99	127	187
100	128	188
99	129	188
100	130	189
105	136	197
113	144	205
116	147	208
113	144	205
106	138	197
104	134	193
103	135	194
110	140	199
110	142	201
111	141	200
112	144	203
119	149	208
122	154	213
127	157	216
124	156	215
120	150	209
116	148	207
122	152	211
124	156	215
123	155	214
121	155	215
120	154	214
118	154	214
121	155	215
121	157	217
123	157	217
121	158	216
121	155	214
125	162	220
127	161	220
123	160	216
124	159	215
127	164	220
136	171	227
134	172	226
129	169	222
125	169	223
124	170	224
124	169	226
124	171	227
124	171	227
124	171	227
124	170	228
122	170	228
122	169	230
117	167	227
116	165	227
116	167	229
120	171	233
120	171	234
113	166	229
110	161	224
114	165	228
113	163	229
115	167	233
102	151	219
108	156	222
118	162	225
123	161	219
51	82	133
60	85	129
69	88	126
77	91	127
81	90	127
77	89	125
74	86	126
70	86	129
71	87	130
74	89	128
74	87	125
73	86	124
74	87	125
76	89	127
77	90	128
77	90	128
75	88	126
78	91	129
76	89	127
75	88	126
77	90	128
80	93	131
83	96	134
84	97	135
86	97	135
84	95	133
87	96	134
88	97	135
89	98	136
88	97	135
86	95	133
83	92	130
82	91	129
80	89	127
80	89	127
81	90	128
82	91	129
82	91	129
82	91	129
81	90	128
81	90	128
81	87	128
81	87	128
80	86	127
79	85	126
79	85	126
80	86	127
80	86	127
81	87	128
84	90	131
83	89	130
83	89	130
82	88	129
82	88	129
82	88	129
82	88	129
80	88	128
76	86	126
74	86	126
73	85	125
73	85	125
73	85	125
73	85	125
73	85	125
72	84	124
71	83	123
71	83	123
71	83	123
71	83	123
71	83	123
72	84	124
73	85	125
74	86	126
47	62	118
48	62	120
50	64	122
52	66	124
52	69	126
51	69	128
49	69	127
48	68	126
50	70	128
54	74	132
55	75	133
53	73	131
50	70	128
54	74	132
53	73	131
53	73	131
56	76	134
60	80	138
61	81	139
59	79	137
56	75	136
62	82	147
59	81	147
58	80	146
57	79	145
59	78	145
61	80	147
63	83	148
67	85	150
66	84	147
65	83	146
65	82	145
57	74	137
65	83	144
66	84	145
64	82	143
101	121	179
98	121	177
98	123	179
101	126	182
102	127	183
100	127	184
99	126	183
98	127	184
99	128	185
102	130	190
103	131	191
101	129	189
99	129	188
104	133	194
110	139	200
107	138	199
103	134	195
115	147	206
107	141	200
105	139	198
109	143	202
110	144	203
109	143	202
114	148	207
121	155	214
121	155	214
125	159	218
124	158	217
116	150	209
115	149	208
120	154	213
124	158	217
123	157	216
119	156	214
116	152	212
113	150	210
115	151	211
118	155	215
120	157	215
117	155	213
115	152	210
125	163	221
129	166	222
129	168	223
126	163	219
125	164	219
129	167	221
129	169	222
127	167	220
127	171	224
124	170	224
123	169	223
122	167	224
121	168	224
122	169	225
122	171	227
124	172	230
119	169	229
117	167	227
114	165	227
117	168	230
119	172	235
119	172	235
112	165	228
106	159	222
111	164	227
110	160	226
111	163	229
97	149	216
105	155	221
119	163	226
123	161	219
49	80	131
59	82	127
68	85	124
77	89	125
79	88	125
76	88	124
72	84	124
68	84	127
68	84	127
73	88	127
75	88	126
75	88	126
76	89	127
78	91	129
79	92	130
77	90	128
75	88	126
75	88	126
75	88	126
77	90	128
80	93	131
83	96	134
85	98	136
84	97	135
84	95	133
83	92	130
84	93	131
85	94	132
86	95	133
85	94	132
83	92	130
80	89	127
78	87	125
81	90	128
81	90	128
82	91	129
82	91	129
82	91	129
81	90	128
80	89	127
80	89	127
81	87	128
81	87	128
80	86	127
79	85	126
79	85	126
79	85	126
80	86	127
80	86	127
83	89	130
84	90	131
84	90	131
84	90	131
84	90	131
83	89	130
82	88	129
80	88	128
77	87	127
74	86	126
74	86	126
73	85	125
73	85	125
72	84	124
72	84	124
71	83	123
74	86	126
73	85	125
73	85	125
72	84	124
72	84	124
73	85	125
74	86	126
74	86	126
51	66	122
53	68	124
54	69	125
52	67	123
49	66	123
47	68	129
48	71	133
49	72	134
47	70	132
49	72	134
53	76	138
53	76	138
51	74	136
50	73	135
47	70	132
49	72	134
56	79	141
57	80	142
53	76	138
53	76	138
57	79	144
59	79	144
59	78	145
60	80	145
61	81	146
62	82	147
64	84	149
68	86	149
69	87	150
65	83	146
62	79	142
68	86	147
62	80	141
61	76	138
59	74	136
66	81	143
105	123	182
89	112	168
91	117	171
97	122	178
100	125	181
101	126	182
100	125	181
97	124	181
97	124	181
112	139	196
108	135	192
105	131	191
104	132	192
108	136	196
108	136	196
103	133	192
98	128	187
116	151	207
107	144	200
101	138	194
104	141	197
112	149	205
116	153	209
112	149	205
107	144	200
111	148	204
118	155	211
123	160	216
123	160	216
119	156	212
116	153	209
118	155	211
120	158	216
115	153	211
124	162	220
128	168	226
124	162	220
109	149	207
106	145	200
112	153	208
124	163	218
125	166	221
125	165	218
122	164	217
126	166	219
128	170	223
132	172	224
128	171	222
125	167	220
132	174	227
129	173	226
126	170	223
125	169	223
124	170	224
126	171	228
128	175	231
128	176	234
119	169	229
119	169	229
117	168	230
115	166	228
111	164	227
109	163	226
110	164	229
113	165	231
113	166	229
109	161	227
103	157	222
105	157	224
114	164	230
114	158	221
124	162	220
48	79	130
58	81	126
66	83	122
74	86	122
78	86	123
78	87	124
77	87	127
73	86	130
73	86	130
72	84	124
75	86	124
77	88	126
79	90	128
80	91	129
80	91	129
79	90	128
78	89	127
79	90	128
79	90	128
78	89	127
77	88	126
78	89	127
79	90	128
81	92	130
82	93	131
81	90	128
85	94	132
87	96	134
87	96	134
82	91	129
79	88	126
78	87	125
78	87	125
83	92	130
83	92	130
82	91	129
81	90	128
80	89	127
79	88	126
79	88	126
78	87	125
80	86	127
80	86	129
79	85	128
79	85	128
79	85	128
78	84	127
78	84	127
78	84	127
77	83	126
79	85	128
82	88	131
84	90	133
85	91	134
83	89	132
80	86	129
77	84	127
76	86	126
76	86	126
76	86	126
75	85	125
74	84	124
73	83	123
71	81	121
70	80	120
71	81	121
72	82	122
72	82	122
73	83	123
73	83	123
74	84	124
74	84	124
75	85	125
49	64	120
51	66	122
51	66	122
50	65	121
46	63	120
43	64	126
43	68	132
44	69	133
42	67	131
43	68	132
48	73	137
49	74	138
46	71	135
48	73	137
46	71	135
49	74	138
56	81	145
57	82	146
54	79	143
53	78	142
58	80	145
58	78	143
60	78	143
58	78	143
60	78	143
59	79	144
62	80	143
64	82	145
65	82	145
59	76	139
62	80	141
72	90	151
67	82	144
66	81	143
66	81	143
64	80	139
91	107	166
109	133	187
111	135	189
110	136	190
111	134	190
107	133	187
105	130	186
105	130	186
105	129	187
110	135	191
107	131	189
106	130	188
109	133	193
112	138	198
113	139	199
111	137	197
105	134	191
106	141	197
102	140	194
101	141	194
107	145	199
112	152	205
112	150	204
104	144	197
98	136	190
113	153	206
115	153	207
115	155	208
118	156	210
119	159	212
119	157	211
116	156	209
114	153	208
115	154	209
119	157	215
122	161	216
120	159	214
117	156	211
117	156	211
121	161	214
126	166	219
128	168	221
127	167	219
127	167	219
128	168	220
130	170	222
131	171	223
129	170	219
128	168	220
127	167	219
129	168	220
129	168	220
129	169	222
127	169	222
124	168	222
122	168	222
120	167	223
120	168	226
119	169	229
118	170	230
116	167	229
111	166	227
109	163	226
109	163	226
110	164	229
113	167	230
112	164	230
106	160	225
107	159	226
113	163	229
111	155	218
120	158	216
46	77	128
58	81	126
68	83	122
74	86	122
79	87	124
79	88	125
78	88	128
74	87	131
74	87	131
73	85	125
76	87	125
78	89	127
79	90	128
80	91	129
80	91	129
79	90	128
79	90	128
76	87	125
76	87	125
76	87	125
76	87	125
77	88	126
77	88	126
78	89	127
79	90	128
79	88	126
82	91	129
85	94	132
85	94	132
82	91	129
80	89	127
79	88	126
80	89	127
83	92	130
82	91	129
82	91	129
81	90	128
80	89	127
80	89	127
79	88	126
79	87	127
80	86	127
80	86	129
80	86	129
80	86	129
79	85	128
79	85	128
79	85	128
78	84	127
80	86	129
81	87	130
82	88	131
83	89	132
82	88	131
81	87	130
78	84	127
77	83	126
77	85	125
76	86	126
76	86	126
76	86	126
75	85	125
74	84	124
73	83	123
72	82	122
72	82	122
72	82	122
73	83	123
73	83	123
73	83	123
73	83	123
73	83	123
74	84	124
52	66	119
54	67	123
55	68	124
53	66	122
48	65	122
43	64	126
43	68	132
44	69	133
43	68	132
45	70	134
49	74	138
50	75	139
48	73	137
47	72	136
47	72	136
50	75	139
56	81	145
58	83	147
55	80	144
54	79	143
57	79	144
63	81	146
64	81	144
63	81	144
64	81	144
63	81	144
65	83	144
66	84	145
69	84	146
79	94	156
72	88	147
67	83	142
51	65	124
50	64	123
60	74	133
70	84	142
104	118	176
97	118	173
98	120	172
97	121	173
98	119	174
96	120	172
97	121	175
100	124	178
103	126	182
105	129	183
103	126	182
104	127	183
108	130	188
114	136	194
117	139	197
116	138	196
109	136	193
109	143	196
108	145	197
109	148	200
116	153	205
117	156	208
119	156	208
114	153	205
112	149	201
118	157	209
115	152	204
110	149	201
116	153	205
121	160	212
125	162	214
117	156	208
110	149	201
117	155	209
115	152	208
114	152	206
116	154	208
119	157	211
122	160	214
123	162	214
122	161	213
125	164	216
127	167	216
128	168	217
129	169	218
127	167	216
127	167	216
127	167	215
130	167	217
125	160	210
129	162	212
132	165	215
133	167	220
128	167	219
125	165	218
119	160	215
115	158	215
124	171	227
124	172	230
123	173	233
120	171	233
114	169	230
112	166	229
108	165	227
110	164	227
114	168	231
113	167	232
111	165	230
109	161	228
111	161	227
105	152	214
117	155	213
44	75	126
55	78	123
66	81	120
72	84	120
77	85	122
79	87	124
79	87	127
75	86	130
76	87	131
75	85	125
78	87	125
80	89	127
82	91	129
83	92	130
83	92	130
82	91	129
81	90	128
78	87	125
78	87	125
79	88	126
80	89	127
80	89	127
80	89	127
80	89	127
79	88	126
77	86	124
79	88	126
82	91	129
83	92	130
82	91	129
81	90	128
81	90	128
82	91	129
82	91	129
82	91	129
82	91	129
82	91	129
82	91	129
81	90	128
81	90	128
81	89	129
81	87	128
81	87	130
81	87	130
80	86	129
80	86	129
79	85	128
79	85	128
79	85	128
83	89	132
82	88	131
82	88	131
81	87	130
79	85	128
78	84	127
77	83	126
77	83	126
77	85	125
77	85	125
78	86	126
78	86	126
78	86	126
77	85	125
76	84	124
76	84	124
75	83	123
75	83	123
75	83	123
75	83	123
74	82	122
74	82	122
74	82	122
74	82	122
50	64	117
52	65	121
52	65	121
51	64	120
47	61	119
43	62	123
42	65	127
44	67	129
43	66	128
44	67	129
49	72	134
51	74	136
48	71	133
45	68	130
47	70	132
51	74	136
56	79	141
57	80	142
56	79	141
54	77	139
55	76	138
62	79	142
64	79	142
62	80	141
65	80	142
64	82	143
67	82	144
69	85	144
71	85	144
62	78	137
61	75	133
73	87	145
75	87	145
74	88	146
74	86	144
78	91	147
113	128	184
102	123	175
102	124	176
104	127	177
105	126	178
105	128	178
108	129	181
110	132	184
114	134	189
104	126	178
104	124	179
105	126	181
110	129	186
115	134	191
118	137	194
118	137	194
114	137	193
102	133	184
102	135	185
103	136	185
104	137	187
107	140	189
112	145	195
118	151	200
122	155	205
126	159	208
120	153	203
117	150	199
120	153	203
128	161	210
130	163	213
124	157	206
117	150	200
130	162	215
127	159	212
123	155	208
124	156	209
127	159	212
128	161	211
127	160	210
124	157	207
129	162	211
132	165	214
136	169	218
136	170	216
134	168	214
133	167	213
135	169	215
139	172	218
135	163	210
140	165	215
141	168	218
142	171	222
140	173	223
136	170	223
129	167	221
124	165	220
130	174	228
129	176	232
127	177	235
125	177	237
119	173	233
115	170	231
111	168	229
110	167	229
113	167	230
114	168	233
113	167	232
110	163	230
110	162	228
104	151	213
117	155	213
46	77	128
53	76	121
63	78	117
71	80	117
75	83	120
77	85	122
77	85	125
74	85	129
74	85	129
76	86	126
79	88	126
81	90	128
83	92	130
84	93	131
83	92	130
83	92	130
82	91	129
80	89	127
81	90	128
82	91	129
84	93	131
84	93	131
83	92	130
81	90	128
80	89	127
75	84	122
77	86	124
79	88	126
81	90	128
82	91	129
83	92	130
83	92	130
84	93	131
83	92	130
83	92	130
83	92	130
83	92	130
84	93	131
84	93	131
84	93	131
84	92	132
81	87	130
81	87	130
81	87	130
81	87	130
80	86	129
80	86	129
79	85	128
79	85	128
82	88	131
80	86	129
79	85	128
78	84	127
77	83	126
77	83	126
78	84	127
78	84	127
76	84	124
77	85	125
77	85	125
78	86	126
78	86	126
78	86	126
77	85	125
77	85	125
76	84	124
76	84	124
75	83	123
75	83	123
74	82	122
73	81	121
73	81	121
73	81	121
50	64	117
52	66	119
53	67	120
51	65	118
48	63	119
47	64	121
49	68	125
50	69	126
49	68	125
50	69	126
55	74	131
56	75	132
54	73	130
54	73	130
57	76	133
60	79	136
62	81	138
64	83	140
64	83	140
62	81	138
60	78	137
62	78	137
65	78	140
63	79	138
66	80	139
66	82	141
70	84	143
72	86	144
76	88	146
83	97	155
70	83	139
76	89	145
77	88	145
67	80	136
52	63	120
58	70	124
109	123	176
102	121	172
101	122	173
103	125	173
103	122	173
99	121	169
98	117	168
96	117	168
98	116	169
110	131	182
112	130	183
112	133	185
116	133	189
119	136	192
121	138	194
121	138	194
119	139	194
110	133	183
110	135	185
111	137	184
111	136	186
113	139	186
118	143	193
125	151	198
130	155	205
128	154	201
127	152	202
126	152	199
127	152	202
130	156	203
131	156	206
129	155	202
127	152	202
137	162	212
136	160	212
135	159	211
133	157	209
132	156	208
131	156	206
131	156	206
131	156	206
132	158	205
136	162	209
140	166	213
141	167	213
140	166	212
140	166	212
143	169	215
148	172	218
145	165	212
148	166	213
148	168	215
147	170	218
145	173	220
143	173	222
141	174	224
137	174	226
131	173	226
129	175	229
128	177	233
126	176	234
119	173	233
115	170	231
111	168	229
110	167	228
111	165	228
113	167	232
111	167	232
112	165	232
112	164	230
107	154	216
120	158	216
49	80	131
55	78	123
66	81	120
73	82	119
79	85	122
78	86	123
78	86	126
77	86	130
75	86	130
77	87	127
80	89	127
82	91	129
84	93	131
84	93	131
84	93	131
83	92	130
83	92	130
81	90	128
82	91	129
83	92	130
84	93	131
84	93	131
83	92	130
81	90	128
80	89	127
76	85	123
77	86	124
78	87	125
80	89	127
83	92	130
84	93	131
85	94	132
85	94	132
84	93	131
84	93	131
85	94	132
85	94	132
85	94	132
85	94	132
85	94	132
86	94	134
81	87	130
81	86	131
81	86	131
80	85	130
80	85	130
79	84	129
79	84	129
79	84	129
78	83	128
77	82	127
76	81	126
75	80	125
76	81	126
77	82	127
80	85	130
81	87	130
76	84	124
76	84	124
77	85	125
78	86	126
78	86	126
78	86	126
77	85	125
77	85	125
75	83	123
75	83	123
75	83	123
74	82	122
73	81	121
73	81	121
72	80	120
72	80	120
53	67	120
55	69	122
55	69	122
54	68	121
52	66	119
54	68	121
57	71	124
56	73	124
56	70	123
55	72	123
61	75	128
60	77	128
60	74	127
57	74	125
63	77	130
63	80	131
63	77	130
62	79	130
66	80	133
63	80	131
60	76	129
62	76	134
62	76	135
63	77	136
64	78	136
65	79	137
69	81	139
71	83	141
72	85	141
83	96	152
64	75	132
64	76	130
68	80	134
74	86	140
82	92	146
111	121	175
174	187	239
184	201	250
184	204	252
186	206	253
186	206	254
184	204	252
183	203	251
182	202	250
185	202	253
179	198	249
182	199	250
181	200	251
184	200	253
185	201	254
188	202	255
186	202	255
185	201	254
185	202	251
188	205	254
191	209	255
193	210	255
192	210	255
192	209	255
191	209	255
191	208	255
188	206	253
189	206	255
190	208	255
190	207	255
189	207	254
189	206	255
190	208	255
192	209	255
189	206	255
191	208	255
192	209	255
190	207	255
187	204	253
187	204	253
189	206	255
192	210	255
187	205	252
189	207	254
192	210	255
194	213	255
195	214	255
196	215	255
197	216	255
201	217	255
197	212	255
199	212	255
198	213	255
195	213	255
193	216	255
192	218	255
190	220	255
186	221	255
131	170	222
128	172	225
126	173	227
122	173	229
116	171	228
112	168	227
110	168	227
110	167	228
111	165	228
112	166	231
110	166	231
113	166	233
116	168	234
112	159	221
123	161	219
50	81	132
61	84	129
71	86	125
78	87	124
83	89	126
82	90	127
82	88	129
80	89	133
80	89	133
79	87	127
81	90	128
83	92	130
84	93	131
85	94	132
85	94	132
84	93	131
84	93	131
81	90	128
81	90	128
81	90	128
81	90	128
81	90	128
80	89	127
79	88	126
79	88	126
80	89	127
79	88	126
79	88	126
81	90	128
83	92	130
85	94	132
85	94	132
84	93	131
85	94	132
84	93	131
84	93	131
84	93	131
84	93	131
84	93	131
84	93	131
84	92	132
80	86	129
80	85	130
79	84	129
79	84	129
79	84	129
78	83	128
78	83	128
78	83	128
75	80	125
74	79	124
74	79	124
74	79	124
75	80	125
77	82	127
79	84	129
81	86	131
75	83	123
76	84	124
76	84	124
77	85	125
77	85	125
76	84	124
75	83	123
75	83	123
74	82	122
74	82	122
74	82	122
74	82	122
73	81	121
73	81	121
73	81	121
73	81	121
192	205	255
194	206	255
195	207	255
193	205	255
192	205	255
195	207	255
200	210	255
198	211	255
198	208	255
196	209	255
202	212	255
200	213	255
199	209	255
196	209	255
201	211	255
199	212	255
196	206	254
194	207	253
200	210	255
198	211	255
194	205	255
198	211	255
197	209	255
197	209	255
197	210	255
197	210	255
198	209	255
199	210	255
200	212	255
199	211	255
197	207	255
202	213	255
196	207	255
193	204	255
187	195	248
179	187	240
203	214	255
184	200	247
184	202	249
185	204	249
186	204	251
186	204	251
187	205	252
190	208	255
195	210	255
189	206	255
192	206	255
192	209	255
195	209	255
195	209	255
195	208	255
194	208	255
196	209	255
194	206	254
196	206	254
197	207	254
197	207	255
197	207	254
196	206	254
193	203	250
191	201	249
199	209	255
199	209	255
200	210	255
199	209	255
199	209	255
200	210	255
201	211	255
202	212	255
195	204	254
196	205	255
197	206	255
197	206	255
196	206	254
196	206	254
198	208	255
200	210	255
197	207	254
197	207	254
197	207	254
199	210	254
201	212	255
202	213	255
201	212	255
199	210	254
200	209	253
200	209	253
198	209	253
194	209	255
191	209	255
188	210	255
183	210	255
180	211	255
133	170	222
129	171	224
126	172	226
123	172	228
117	170	227
113	169	228
112	170	229
114	171	232
113	170	232
112	168	233
110	166	231
114	167	234
119	171	237
116	163	225
125	163	221
49	80	131
63	86	131
72	87	126
79	88	125
83	89	126
84	90	127
82	88	129
78	87	131
78	87	131
80	88	128
81	90	128
83	92	130
85	94	132
86	95	133
86	95	133
85	94	132
84	93	131
83	92	130
82	91	129
81	90	128
80	89	127
80	89	127
80	89	127
80	89	127
80	89	127
85	94	132
82	91	129
81	90	128
81	90	128
84	93	131
86	95	133
85	94	132
83	92	130
83	92	130
83	92	130
82	91	129
82	91	129
81	90	128
80	89	127
80	89	127
80	88	128
79	85	128
79	84	129
78	83	128
78	83	128
77	82	127
77	82	127
77	82	127
77	82	127
74	79	124
74	79	124
74	79	124
74	79	124
75	80	125
76	81	126
77	82	127
78	83	128
76	84	124
76	84	124
76	84	124
76	84	124
75	83	123
74	82	122
73	81	121
72	80	120
72	80	120
73	81	121
73	81	121
73	81	121
73	81	121
73	81	121
74	82	122
74	82	122
197	208	255
197	210	255
199	210	255
196	209	255
196	207	255
198	208	255
203	212	255
203	212	255
200	209	253
200	209	252
203	212	255
203	212	255
200	209	253
203	212	255
206	215	255
204	213	255
198	207	251
197	206	249
201	210	254
202	211	254
196	206	253
199	210	255
197	210	255
195	208	255
194	207	255
194	205	255
194	205	255
194	205	255
194	205	255
191	202	254
198	206	255
200	211	255
189	198	248
194	203	253
202	211	255
189	198	248
192	203	253
192	207	253
189	205	251
187	203	249
183	199	245
180	196	243
181	197	244
184	200	247
188	202	250
186	202	249
188	202	251
189	204	253
191	205	254
191	205	254
190	204	253
191	205	254
194	205	255
206	213	255
203	209	255
197	203	250
195	201	248
196	202	249
199	205	252
202	208	255
202	208	255
203	209	255
201	207	254
199	205	252
200	206	253
202	208	253
204	210	255
203	209	254
202	208	255
207	212	255
205	210	255
201	209	255
203	209	255
203	211	255
206	212	255
203	211	255
204	210	255
206	215	255
206	212	255
202	211	255
205	211	255
205	214	255
208	214	255
202	211	255
201	207	252
203	210	253
204	211	254
202	211	254
198	211	255
194	210	255
188	208	255
184	207	255
177	206	255
138	172	225
135	173	227
131	175	229
127	174	230
122	172	230
120	172	232
120	174	234
121	176	237
119	174	235
116	170	233
111	168	230
115	169	232
121	174	237
118	165	226
123	164	219
47	80	130
61	84	129
69	85	127
77	86	124
81	87	124
81	86	125
78	84	125
77	84	127
76	83	126
80	88	128
82	91	129
84	93	131
85	94	132
86	95	133
86	95	133
85	94	132
85	94	132
86	95	133
85	94	132
83	92	130
82	91	129
81	90	128
82	91	129
83	92	130
83	92	130
88	97	135
85	94	132
82	91	129
82	91	129
85	94	132
86	95	133
84	93	131
82	91	129
81	90	128
81	90	128
80	89	127
79	88	126
78	87	125
77	86	124
76	85	123
76	84	124
78	84	127
78	83	128
77	82	127
77	82	127
77	82	127
76	81	126
76	81	126
76	81	126
75	80	125
75	80	125
75	80	125
75	80	125
75	80	125
75	80	125
74	79	124
74	79	124
76	83	126
76	83	126
76	84	124
75	82	125
74	82	122
73	80	123
71	79	119
70	77	120
71	79	119
72	79	122
72	80	120
73	80	123
73	81	121
74	81	124
74	82	122
75	82	125
201	211	255
199	212	255
201	211	255
199	212	255
201	211	255
200	209	252
202	211	254
203	213	253
204	213	255
205	215	255
204	213	255
203	213	253
203	212	255
201	211	251
201	210	253
201	211	251
202	211	254
202	212	252
203	212	255
203	213	253
203	212	255
198	210	252
198	209	253
199	210	254
200	211	255
200	211	255
201	212	255
202	213	255
202	212	255
200	210	255
202	210	255
200	210	255
202	209	255
201	208	255
199	206	255
198	205	255
195	204	254
190	203	249
190	205	251
193	208	254
195	210	255
196	211	255
196	211	255
194	209	255
195	208	254
193	208	254
192	204	252
186	200	248
185	197	245
185	197	245
187	199	247
191	203	251
194	206	254
197	205	252
196	204	251
196	204	251
196	204	251
198	206	253
200	208	255
202	211	255
204	213	255
201	210	254
200	209	253
198	207	251
197	206	250
198	207	250
200	209	252
202	211	254
204	213	255
197	206	250
197	206	250
196	207	251
199	208	252
198	209	253
202	211	255
200	211	255
203	212	255
202	214	255
203	212	255
199	211	253
199	208	251
195	207	249
194	203	246
191	203	245
192	201	244
202	210	250
202	209	252
200	209	252
199	210	254
195	210	255
193	211	255
189	211	255
184	211	255
142	173	226
137	173	227
133	171	229
129	171	230
128	172	233
126	173	235
125	174	236
124	175	237
114	165	227
119	173	233
117	173	232
109	165	224
110	166	221
112	162	215
123	166	217
45	81	129
63	87	133
68	85	128
73	82	125
74	80	121
76	81	120
76	83	122
77	86	124
79	88	126
84	92	132
83	89	130
81	87	128
79	85	126
79	85	126
81	87	128
83	89	130
84	90	131
83	89	130
84	90	131
85	91	132
84	90	131
82	88	129
81	87	128
82	88	129
83	89	130
85	93	133
84	92	132
84	92	132
83	91	131
83	91	131
84	92	132
84	92	132
85	93	133
82	90	130
82	90	130
81	89	129
81	89	129
81	89	129
81	89	129
80	88	128
80	87	130
76	82	127
77	83	130
78	84	131
80	86	133
80	86	133
79	85	132
78	84	131
77	83	130
75	81	128
75	81	128
75	81	128
74	80	127
73	79	126
72	78	125
71	77	124
70	76	121
74	83	127
74	83	127
74	83	126
74	83	127
72	81	124
71	80	124
69	78	121
68	77	121
69	78	121
69	78	122
70	79	122
70	79	123
70	79	122
71	80	124
71	80	123
71	80	124
200	211	255
200	211	255
200	211	255
200	211	255
200	211	255
199	209	249
200	210	250
202	212	252
203	213	253
203	213	253
203	213	253
202	212	252
201	211	251
201	211	251
201	211	251
201	211	251
202	212	252
202	212	252
202	212	252
203	213	253
203	213	253
200	211	249
200	211	249
200	210	250
201	211	251
201	211	251
201	211	251
201	210	253
202	211	254
198	207	251
199	208	252
199	207	254
199	207	254
199	206	255
198	205	254
197	204	254
197	204	253
193	206	252
194	207	253
195	208	254
196	209	255
197	210	255
196	209	255
195	208	254
194	207	253
198	211	255
197	210	255
195	208	254
193	206	252
192	205	251
191	204	250
191	204	250
193	203	250
186	196	243
188	196	243
188	196	243
189	197	244
190	198	245
191	199	246
193	202	246
194	203	247
199	208	252
198	207	251
197	206	249
197	206	249
197	206	249
198	207	250
200	210	250
201	211	251
198	210	252
198	210	252
198	210	252
199	211	253
200	212	254
201	213	255
201	213	255
201	213	255
202	214	255
202	214	255
201	213	255
200	212	254
199	211	253
198	210	252
197	209	251
199	208	251
200	210	250
202	210	250
200	209	252
199	210	254
195	211	254
193	211	255
189	211	255
186	211	255
138	166	220
135	166	221
131	165	224
129	166	226
126	167	229
126	169	232
126	170	233
127	171	234
122	169	230
125	175	235
121	174	231
112	168	223
116	170	223
118	169	219
129	172	221
49	85	133
63	86	134
69	85	131
76	85	129
78	84	127
80	85	124
79	84	123
76	85	122
76	85	123
84	91	130
83	89	130
82	88	129
81	87	128
81	87	128
82	88	129
83	89	130
83	89	130
81	87	128
83	89	130
83	89	130
82	88	129
80	86	127
79	85	126
80	86	127
82	88	129
83	91	131
83	91	131
82	90	130
81	89	129
81	89	129
82	90	130
83	91	131
83	91	131
84	92	132
83	91	131
82	90	130
81	89	129
80	88	128
79	87	127
79	87	127
78	85	128
77	83	128
78	84	131
78	84	131
79	85	132
79	85	132
78	84	131
78	84	131
77	83	130
77	83	130
77	83	130
76	82	129
75	81	128
74	80	127
73	79	126
73	79	126
73	79	126
73	82	126
73	82	126
73	82	126
73	82	126
72	81	125
71	80	124
70	79	123
69	78	122
68	77	121
69	78	122
69	78	122
69	78	122
70	79	123
70	79	123
70	79	123
71	80	124
199	210	254
199	210	254
199	210	254
199	210	254
199	210	254
198	208	248
199	209	249
200	210	250
201	211	251
201	211	251
201	211	251
201	211	251
201	211	251
201	211	251
201	211	251
201	211	251
201	211	251
202	212	252
202	212	252
202	212	252
203	213	253
201	212	250
201	212	250
200	210	250
200	210	250
200	210	250
199	209	249
199	208	251
199	208	251
199	208	252
200	209	253
201	209	255
201	209	255
202	209	255
202	209	255
202	209	255
201	208	255
198	211	255
198	211	255
198	211	255
197	210	255
197	210	255
197	210	255
196	209	255
196	209	255
192	205	251
193	206	252
194	207	253
195	208	254
194	207	253
191	204	250
189	202	248
189	199	246
195	205	252
197	205	252
198	206	253
199	207	254
200	208	255
200	208	255
200	209	253
200	209	253
199	208	251
199	208	251
199	208	251
199	208	251
200	210	250
200	210	250
200	210	250
201	211	251
201	213	255
201	213	255
201	213	255
201	213	255
201	213	255
201	213	255
201	213	255
201	213	255
197	209	251
197	209	251
197	209	251
198	210	252
198	210	252
198	210	252
199	211	253
201	210	253
201	211	251
203	211	251
201	210	253
199	210	254
198	211	255
195	211	255
191	211	255
188	211	255
141	168	219
137	168	221
135	169	223
134	169	225
133	171	229
132	172	231
131	173	232
132	173	235
125	169	228
126	172	230
119	168	224
111	162	218
119	169	222
122	169	220
130	171	220
47	80	129
63	85	133
71	86	132
78	87	131
81	87	130
83	88	127
81	86	125
76	85	122
75	84	122
82	89	128
83	89	130
83	89	130
84	90	131
84	90	131
83	89	130
83	89	130
83	89	130
82	88	129
84	90	131
84	90	131
83	89	130
81	87	128
80	86	127
81	87	128
82	88	129
84	92	132
83	91	131
83	91	131
82	90	130
82	90	130
83	91	131
83	91	131
84	92	132
85	93	133
84	92	132
83	91	131
81	89	129
80	88	128
78	86	126
77	85	125
77	84	127
79	85	130
78	84	131
78	84	131
77	83	130
77	83	130
78	84	131
78	84	131
78	84	131
77	83	130
76	82	129
74	80	127
73	79	126
72	78	125
72	78	125
73	79	126
74	80	127
70	79	123
71	80	124
71	80	124
72	81	125
72	81	125
71	80	124
70	79	123
70	79	123
67	76	120
68	77	121
68	77	121
68	77	121
69	78	122
69	78	122
69	78	122
70	79	123
198	209	253
198	209	253
198	209	253
199	210	254
199	210	254
199	209	249
200	210	250
200	210	250
201	211	251
201	211	251
201	211	251
201	211	251
201	211	251
200	210	250
200	210	250
201	211	251
201	211	251
201	211	251
202	212	252
202	212	252
202	212	252
203	214	252
202	213	251
202	212	252
201	211	251
200	210	250
199	209	249
198	207	250
198	207	250
199	208	252
199	208	252
200	208	255
201	209	255
201	209	255
200	207	255
200	207	255
199	206	255
196	206	253
193	206	252
193	206	252
192	205	251
193	206	252
193	206	252
194	207	253
195	208	254
187	200	246
189	202	248
191	204	250
193	206	252
194	207	253
194	207	253
193	206	252
194	204	251
196	204	251
197	205	252
198	206	253
199	207	254
200	208	255
199	207	254
197	206	250
196	205	249
201	210	253
202	211	254
203	212	255
204	213	255
204	214	254
204	214	254
204	214	254
203	213	253
203	215	255
202	214	255
202	214	255
202	214	255
201	213	255
201	213	255
200	212	254
200	212	254
196	208	250
196	208	250
197	209	251
197	209	251
198	210	252
198	210	252
199	211	253
201	210	253
203	211	251
204	212	252
202	211	254
200	212	254
198	211	255
195	211	255
193	211	255
189	211	255
139	164	214
138	165	216
134	165	218
134	165	220
131	166	222
129	166	222
129	166	224
127	165	223
138	176	234
135	175	234
123	168	225
118	164	218
126	173	225
129	172	223
131	171	220
48	78	125
63	83	130
70	83	129
77	83	128
79	85	128
82	87	126
80	87	126
78	87	124
78	87	125
80	87	126
82	88	129
84	90	131
85	91	132
86	92	133
85	91	132
83	89	130
82	88	129
85	91	132
86	92	133
87	93	134
86	92	133
84	90	131
83	89	130
84	90	131
85	91	132
86	94	134
86	94	134
85	93	133
85	93	133
85	93	133
85	93	133
86	94	134
86	94	134
83	91	131
82	90	130
82	90	130
81	89	129
80	88	128
79	87	127
78	86	126
78	85	128
80	86	131
79	85	132
78	84	131
76	82	129
76	82	129
77	83	130
78	84	131
79	85	132
75	81	128
74	80	127
71	77	124
69	75	122
69	75	122
70	76	123
71	77	124
73	79	126
69	78	122
69	78	122
70	79	123
71	80	124
72	81	125
72	81	125
71	80	124
71	80	124
67	76	120
67	76	120
67	76	120
68	77	121
68	77	121
68	77	121
69	78	122
69	78	122
197	208	252
198	209	253
198	209	253
199	210	254
199	210	254
201	211	251
201	211	251
201	211	251
201	211	251
201	211	251
202	212	252
202	212	252
203	213	253
200	210	250
200	210	250
200	210	250
201	211	251
201	211	251
201	211	251
202	212	252
202	212	252
205	215	255
204	214	254
203	213	253
202	212	252
201	211	251
200	210	250
199	208	251
199	208	251
195	204	248
195	204	248
195	204	248
195	203	250
194	202	249
193	201	248
191	199	246
190	198	245
187	198	242
187	198	242
187	198	242
188	199	243
189	200	244
191	202	246
193	204	248
194	205	249
196	207	251
197	208	252
197	208	252
197	208	252
198	209	253
200	211	255
201	212	255
201	212	255
199	207	254
200	208	255
202	210	255
203	211	255
203	212	255
202	211	255
201	210	254
200	209	253
203	212	255
204	213	255
205	215	255
206	216	255
206	216	255
206	216	255
205	215	255
205	215	255
205	215	255
204	214	254
204	214	254
203	213	253
202	212	252
202	212	252
201	211	251
201	211	251
205	215	255
205	215	255
205	215	255
204	214	254
204	214	254
204	214	254
204	214	254
204	214	254
205	213	253
204	212	252
202	211	254
200	212	254
198	211	255
196	211	255
195	211	255
193	211	255
182	205	251
181	204	252
177	204	254
174	203	254
171	202	255
168	200	253
166	198	251
163	197	251
159	192	248
155	189	248
143	182	237
136	177	232
143	185	238
143	182	234
143	178	228
55	83	130
63	81	128
68	81	127
73	79	124
76	79	123
76	83	122
79	86	125
79	91	127
81	92	130
78	87	125
81	87	128
83	89	130
86	92	133
86	92	133
85	91	132
83	89	130
81	87	128
85	91	132
86	92	133
87	93	134
86	92	133
84	90	131
83	89	130
84	90	131
85	91	132
86	94	134
85	93	133
85	93	133
84	92	132
84	92	132
85	93	133
85	93	133
86	94	134
79	87	127
79	87	127
80	88	128
80	88	128
80	88	128
80	88	128
80	88	128
80	87	130
81	87	132
80	86	131
78	84	129
77	83	128
76	82	127
77	83	128
78	84	129
78	84	129
75	81	126
74	80	125
71	77	122
70	76	121
69	75	120
70	76	121
72	78	123
74	80	125
68	77	120
69	78	121
70	79	122
72	81	124
72	81	124
72	81	124
