131	170	222
130	169	221
129	168	220
130	169	221
129	168	220
129	168	220
129	168	220
128	167	219
128	167	219
127	166	218
127	166	218
126	165	217
134	169	225
134	169	225
134	169	225
133	168	224
133	168	224
132	167	223
132	167	223
132	167	223
130	165	221
131	166	222
130	165	221
130	165	221
130	165	221
132	167	223
134	169	225
136	171	227
137	173	227
135	171	225
134	170	224
138	172	226
141	175	228
143	177	230
144	176	229
143	175	228
144	177	227
143	176	226
149	180	231
147	178	229
139	171	220
144	176	225
149	181	230
142	174	223
143	177	223
141	176	220
140	175	219
140	175	219
143	178	222
60	106	170
59	105	169
55	103	167
53	101	165
53	101	165
55	103	167
55	106	169
56	107	170
56	107	170
58	109	172
58	111	174
55	108	171
51	104	167
50	103	166
52	106	169
55	110	171
52	104	164
51	104	161
50	102	162
52	104	164
54	106	166
55	107	167
54	105	167
53	104	166
53	104	166
52	103	165
50	101	164
47	98	161
44	95	158
42	93	156
40	91	154
39	90	153
43	94	156
42	93	155
42	94	154
43	95	155
43	96	153
45	98	155
46	100	155
47	101	156
43	97	150
42	96	149
42	97	148
42	97	148
43	99	148
44	100	149
45	101	148
45	101	148
48	100	146
47	102	147
48	103	148
46	103	148
46	103	148
50	102	148
54	100	147
63	99	147
75	100	150
82	99	150
90	98	151
93	99	152
96	100	153
94	100	153
95	101	154
93	101	154
97	103	156
100	106	159
104	110	163
106	112	165
107	113	166
109	115	168
112	118	171
114	120	173
114	120	173
114	120	173
114	120	173
114	120	173
116	122	175
117	123	176
119	125	178
120	126	179
122	125	180
123	126	181
124	127	182
123	126	181
122	125	180
122	125	180
125	128	183
127	130	185
127	130	185
126	129	184
126	129	184
126	129	184
127	130	185
128	131	186
130	133	188
131	134	189
133	135	189
133	135	189
133	135	189
134	136	190
137	137	191
138	138	192
142	139	194
143	140	195
143	138	193
144	139	194
147	141	196
148	142	197
149	143	198
150	144	199
152	143	199
142	145	200
120	147	204
114	152	210
117	155	213
118	156	214
116	155	210
115	154	209
118	157	212
121	160	215
119	159	212
119	159	212
120	160	212
121	161	213
123	163	215
125	165	217
127	167	219
128	168	220
132	171	223
126	165	217
123	162	214
127	166	218
130	169	221
129	168	220
128	167	219
128	167	219
130	169	221
129	168	220
128	167	219
126	165	217
126	165	217
126	165	217
127	166	218
128	167	219
137	172	228
136	171	227
135	170	226
134	169	225
132	167	223
131	166	222
130	165	221
129	164	220
125	160	216
125	160	216
126	161	217
128	163	219
129	164	220
131	166	222
132	167	223
132	167	223
131	169	223
131	169	223
131	169	223
136	172	226
139	176	228
140	177	229
142	176	229
141	175	228
140	175	225
140	175	225
148	181	230
148	181	230
142	175	224
148	181	230
153	186	235
146	179	228
150	184	230
146	180	226
143	177	223
141	175	221
142	176	222
66	112	176
64	110	174
60	108	172
58	106	170
57	105	169
57	105	169
55	106	169
55	106	169
54	105	168
55	106	169
53	106	169
51	104	167
48	101	164
47	100	163
47	101	164
49	104	165
54	106	166
53	106	163
53	105	165
54	106	166
54	106	166
55	107	167
55	106	168
54	105	167
52	103	165
51	102	164
49	100	163
47	98	161
44	95	158
42	93	156
40	91	154
39	90	153
42	93	155
41	92	154
41	93	153
42	94	154
43	96	153
44	97	154
45	99	154
46	100	155
43	97	150
43	97	150
43	98	149
43	98	149
44	100	149
45	101	150
46	102	149
47	103	150
50	102	148
48	103	148
48	103	148
46	103	148
46	103	148
49	101	147
53	99	146
61	97	145
74	99	149
81	98	149
89	97	150
92	98	151
95	99	152
94	100	153
94	100	153
92	100	153
95	101	154
98	104	157
102	108	161
104	110	163
106	112	165
107	113	166
110	116	169
112	118	171
111	117	170
111	117	170
112	118	171
113	119	172
115	121	174
117	123	176
119	125	178
120	126	179
121	124	179
123	126	181
124	127	182
123	126	181
122	125	180
122	125	180
124	127	182
126	129	184
127	130	185
126	129	184
125	128	183
124	127	182
125	128	183
128	131	186
131	134	189
133	136	191
134	136	190
134	136	190
134	136	190
134	136	190
137	137	191
138	138	192
142	139	194
143	140	195
142	137	192
143	138	193
146	140	195
148	142	197
149	143	198
150	144	199
151	145	200
143	146	201
118	145	202
111	149	207
116	153	211
116	154	212
116	153	209
115	154	209
118	155	211
119	158	213
121	159	213
120	160	213
121	160	212
121	161	213
124	163	215
125	165	217
129	168	220
131	170	222
133	172	224
127	166	218
124	163	215
127	166	218
130	169	221
129	168	220
127	166	218
127	166	218
131	170	222
129	168	220
127	166	218
124	163	215
124	163	215
125	164	216
128	167	219
129	168	220
136	172	226
136	171	227
135	170	226
134	169	225
132	167	223
131	166	222
130	165	221
130	165	221
128	163	219
126	161	217
125	160	216
125	160	216
126	161	217
128	163	219
129	164	220
129	165	219
130	168	222
131	169	223
132	170	224
134	172	226
136	175	227
138	175	227
138	175	227
137	174	226
139	174	224
139	174	224
147	183	231
150	183	232
144	177	226
149	182	231
154	187	236
146	179	228
151	185	231
147	181	227
142	176	222
139	173	219
139	173	219
58	104	168
59	105	169
57	105	169
57	105	169
56	104	168
54	102	166
50	101	164
49	100	163
52	103	166
52	103	166
49	102	165
48	101	164
45	98	161
45	98	161
44	98	161
45	100	161
52	104	164
53	106	163
53	105	165
53	105	165
52	104	164
51	103	163
52	103	165
52	103	165
50	101	163
50	101	163
49	100	163
47	98	161
46	97	160
44	95	158
43	94	157
42	93	156
40	91	153
40	91	153
40	92	152
40	92	152
41	94	151
42	95	152
43	97	152
44	98	153
45	99	152
45	99	152
45	100	151
45	100	151
45	101	150
46	102	151
47	103	150
48	104	151
52	104	150
50	105	150
50	105	150
48	105	150
47	104	149
50	102	148
54	100	147
62	98	146
72	97	147
80	97	148
89	97	150
92	98	151
95	99	152
93	99	152
93	99	152
91	99	152
92	98	151
95	101	154
99	105	158
102	108	161
103	109	162
105	111	164
107	113	166
109	115	168
109	115	168
109	115	168
110	116	169
111	117	170
113	119	172
116	122	175
118	124	177
119	125	178
120	123	178
122	125	180
124	127	182
124	127	182
123	126	181
122	125	180
123	126	181
125	128	183
126	129	184
125	128	183
124	127	182
124	127	182
125	128	183
128	131	186
131	134	189
133	136	191
134	136	190
134	136	190
136	136	190
136	136	190
136	136	190
138	138	192
141	138	193
142	139	194
141	138	193
142	139	194
146	141	196
147	142	197
149	144	199
150	145	200
150	145	200
141	146	201
124	148	206
114	151	209
118	152	211
117	154	212
119	154	210
116	153	209
119	154	210
118	155	211
124	160	214
122	160	214
124	161	213
123	162	214
127	164	216
128	167	219
133	170	222
133	172	224
133	172	224
127	166	218
124	163	215
127	166	218
130	169	221
129	168	220
127	166	218
127	166	218
131	170	222
129	168	220
126	165	217
123	162	214
123	162	214
125	164	216
127	166	218
129	168	220
133	169	223
133	169	223
133	169	223
133	169	223
133	169	223
133	169	223
133	169	223
133	169	223
133	169	223
128	164	218
123	159	213
122	158	212
125	161	215
129	165	219
132	168	222
134	170	224
133	171	225
133	173	225
134	174	226
134	174	226
133	173	225
133	172	224
133	173	222
133	173	222
136	173	223
137	174	224
146	184	232
149	185	233
142	178	226
145	181	229
149	185	231
140	176	222
151	185	231
147	181	227
142	176	222
138	172	218
138	172	218
53	99	163
54	100	164
55	103	167
57	105	169
58	106	170
57	105	169
53	104	167
52	103	166
53	104	167
52	103	166
49	102	165
48	101	164
47	100	163
47	100	163
46	100	163
46	101	162
50	102	162
51	104	161
51	103	163
50	102	162
48	100	160
47	99	159
47	98	160
49	100	162
50	101	163
50	101	163
49	100	163
48	99	162
47	98	161
45	96	159
45	96	159
44	95	158
39	90	152
39	90	152
39	91	151
39	91	151
40	93	150
41	94	151
42	96	151
43	97	152
48	102	155
47	101	154
47	102	153
46	101	152
46	102	151
46	102	151
47	103	150
47	103	150
52	104	150
51	106	151
51	106	151
49	106	151
48	105	150
51	103	149
55	101	148
63	99	147
71	96	146
79	96	147
88	96	149
92	98	151
95	99	152
93	99	152
92	98	151
89	97	150
91	97	150
94	100	153
98	104	157
100	106	159
102	108	161
103	109	162
106	112	165
108	114	167
108	114	167
109	115	168
109	115	168
110	116	169
112	118	171
114	120	173
116	122	175
118	124	177
119	122	177
121	124	179
124	127	182
124	127	182
123	126	181
122	125	180
123	126	181
124	127	182
124	127	182
124	127	182
124	127	182
124	127	182
126	129	184
128	131	186
130	133	188
132	135	190
133	135	189
133	135	189
135	135	189
135	135	189
135	135	189
136	136	190
139	136	191
140	137	192
141	138	193
142	139	194
146	141	196
147	142	197
148	143	198
149	144	199
149	144	199
140	145	200
127	151	209
118	152	211
119	153	212
120	154	213
120	155	211
120	155	211
119	154	210
119	154	210
124	160	214
124	160	214
126	163	215
127	164	216
130	167	219
132	169	221
135	172	224
136	173	225
132	171	223
126	165	217
123	162	214
127	166	218
130	169	221
129	168	220
128	167	219
128	167	219
131	170	222
129	168	220
126	165	217
123	162	214
123	162	214
124	163	215
127	166	218
129	168	220
131	167	221
131	167	221
132	168	222
133	169	223
133	169	223
134	170	224
135	171	225
135	171	225
133	169	223
127	163	217
121	157	211
120	156	210
126	162	216
133	169	223
138	174	228
137	175	229
135	175	227
136	176	228
136	176	228
134	174	226
131	171	223
131	171	223
133	173	222
135	175	224
134	174	223
135	175	223
146	184	232
147	185	233
140	178	226
144	180	228
146	182	228
137	173	219
150	184	230
146	180	226
143	177	223
141	175	221
142	176	222
59	105	169
60	106	170
59	107	171
60	108	172
61	109	173
61	109	173
59	110	173
60	111	174
54	105	168
52	103	166
49	102	165
49	102	165
49	102	165
50	103	166
49	103	166
49	104	165
50	102	162
52	105	162
53	105	165
51	103	163
48	100	160
46	98	158
47	98	160
49	100	162
52	103	165
51	102	164
50	101	164
48	99	162
46	97	160
44	95	158
43	94	157
42	93	156
40	91	153
39	90	152
39	91	151
40	92	152
40	93	150
42	95	152
43	97	152
44	98	153
49	103	156
48	102	155
47	102	153
46	101	152
45	101	150
45	101	150
45	101	148
45	101	148
51	103	149
50	105	150
50	105	150
49	106	151
48	105	150
52	104	150
56	102	149
64	100	148
70	95	145
79	96	147
88	96	149
92	98	151
95	99	152
92	98	151
91	97	150
88	96	149
91	97	150
94	100	153
98	104	157
100	106	159
102	108	161
103	109	162
106	112	165
108	114	167
110	116	169
110	116	169
110	116	169
111	117	170
113	119	172
115	121	174
116	122	175
117	123	176
119	122	177
121	124	179
123	126	181
124	127	182
123	126	181
122	125	180
122	125	180
123	126	181
122	125	180
123	126	181
124	127	182
125	128	183
127	130	185
129	132	187
130	133	188
131	134	189
133	135	189
134	134	188
134	134	188
134	134	188
134	134	188
135	135	189
136	136	190
136	136	190
139	139	193
140	140	194
143	140	195
144	141	196
145	142	197
145	142	197
144	141	196
137	142	197
127	151	209
120	152	211
120	152	211
122	154	213
123	156	212
123	156	212
122	155	211
121	154	210
126	160	214
127	161	215
130	164	217
133	167	220
135	169	222
137	171	224
138	172	225
137	174	226
131	170	222
125	164	216
122	161	213
127	166	218
131	170	222
130	169	221
129	168	220
130	169	221
129	168	220
128	167	219
126	165	217
124	163	215
124	163	215
125	164	216
126	165	217
127	166	218
129	167	221
129	167	221
130	168	222
131	169	223
131	169	223
132	170	224
133	171	225
133	171	225
132	170	224
126	164	218
120	158	212
120	158	212
126	164	218
132	170	224
135	173	227
135	173	227
134	177	228
135	178	229
134	177	228
131	174	225
128	171	220
129	172	221
135	176	225
138	179	228
131	173	220
133	175	222
144	184	232
146	187	232
139	180	225
143	182	227
145	184	229
137	173	219
146	179	228
144	177	226
143	176	225
144	177	226
146	179	228
67	113	177
65	111	175
61	109	173
59	107	171
59	107	171
59	107	171
59	110	173
60	111	174
53	104	167
52	103	166
48	101	164
48	101	164
50	103	166
51	104	167
50	104	167
49	104	165
54	106	166
56	109	166
57	109	169
55	107	167
51	103	163
49	101	161
50	101	163
52	103	165
53	104	166
52	103	165
50	101	164
47	98	161
45	96	159
42	93	156
40	91	154
39	90	153
41	92	154
41	92	154
40	92	152
41	93	153
42	95	152
43	96	153
44	98	153
45	99	154
49	103	156
48	102	155
46	101	152
45	100	151
44	100	149
43	99	148
43	99	146
43	99	146
50	102	148
49	104	149
49	104	149
48	105	150
48	105	150
52	104	150
56	102	149
64	100	148
69	94	144
78	95	146
88	96	149
92	98	151
95	99	152
92	98	151
91	97	150
88	96	149
92	98	151
95	101	154
99	105	158
101	107	160
102	108	161
104	110	163
106	112	165
109	115	168
112	118	171
112	118	171
112	118	171
113	119	172
114	120	173
115	121	174
117	123	176
118	124	177
118	121	176
121	124	179
123	126	181
124	127	182
123	126	181
122	125	180
122	125	180
123	126	181
121	124	179
122	125	180
124	127	182
126	129	184
128	131	186
129	132	187
129	132	187
130	133	188
134	134	188
134	134	188
133	133	187
133	133	187
133	133	187
134	134	188
135	135	189
135	135	189
139	139	193
139	139	193
140	140	194
141	141	195
143	140	195
140	140	194
142	139	194
133	140	195
125	149	207
118	150	209
119	151	210
121	153	212
123	156	212
124	157	213
123	156	212
122	155	211
126	160	214
128	162	216
131	165	218
135	169	222
137	171	224
139	173	226
139	173	226
137	174	226
132	169	221
124	163	215
122	161	213
127	166	218
131	170	222
130	169	221
130	169	221
131	170	222
129	168	220
127	166	218
126	165	217
125	164	216
124	163	215
125	164	216
126	165	217
126	165	217
130	168	222
130	168	222
130	168	222
131	169	223
131	169	223
132	170	224
132	170	224
132	170	224
134	172	226
129	167	221
123	161	215
123	161	215
128	166	220
131	169	223
130	168	222
127	167	219
134	177	228
132	177	228
133	176	227
130	173	224
128	171	220
130	173	222
138	179	228
143	185	232
130	172	219
133	175	222
144	185	230
147	188	233
141	182	227
143	184	229
147	186	231
137	176	221
141	174	223
141	174	223
141	174	223
143	176	225
147	180	229
60	106	170
61	107	171
60	108	172
57	105	169
53	101	165
51	99	163
51	102	165
54	105	168
54	105	168
54	105	168
52	105	168
52	105	168
52	105	168
53	106	169
53	107	170
54	109	170
57	109	169
54	107	164
54	106	166
58	110	170
62	114	174
62	114	174
55	106	168
49	100	162
49	100	162
51	102	164
51	102	165
47	98	161
42	93	156
38	89	152
37	88	151
38	89	152
36	87	149
33	84	146
33	85	145
37	89	149
38	91	148
37	90	147
38	92	147
42	96	151
42	96	149
45	99	152
46	101	152
44	99	150
45	101	150
49	105	154
50	106	153
47	103	150
50	102	148
49	104	149
51	106	151
50	107	152
50	107	152
53	105	151
56	102	149
64	100	148
68	93	143
77	94	145
87	95	148
91	97	150
94	98	151
91	97	150
90	96	149
87	95	148
94	100	153
96	102	155
99	105	158
103	109	162
106	112	165
108	114	167
109	115	168
109	115	168
111	117	170
111	117	170
111	117	170
112	118	171
114	120	173
116	122	175
118	124	177
119	125	178
120	123	178
121	124	179
123	126	181
124	127	182
124	127	182
123	126	181
121	124	179
120	123	178
122	125	180
124	127	182
126	129	184
126	129	184
126	129	184
126	129	184
128	131	186
130	133	188
133	133	187
135	135	189
137	137	191
135	135	189
133	133	187
132	132	186
135	135	189
138	138	192
141	141	195
141	141	195
141	141	195
139	141	195
141	141	195
139	141	195
142	142	196
133	143	197
123	147	205
117	149	208
119	151	210
122	154	213
125	158	214
127	160	216
129	162	218
130	163	219
129	163	217
128	162	216
127	161	214
129	163	216
132	166	219
135	169	222
135	169	222
133	170	222
133	170	222
128	167	219
126	165	217
126	165	217
128	167	219
130	169	221
131	170	222
131	170	222
125	164	216
121	160	212
120	159	211
122	161	213
123	162	214
121	160	212
123	162	214
127	166	218
131	170	222
134	173	225
137	176	228
137	176	228
133	172	224
129	168	220
128	167	219
128	167	219
130	169	221
131	170	222
132	171	223
131	170	222
129	168	220
128	167	219
128	167	219
128	168	220
122	165	216
122	168	216
130	173	222
136	179	228
133	176	225
127	170	219
132	174	221
140	182	229
130	172	219
136	178	223
144	185	230
147	188	233
146	188	231
143	185	228
144	183	227
144	183	228
150	183	232
145	178	227
140	173	222
141	174	223
146	179	228
59	105	169
61	107	171
60	108	172
58	106	170
55	103	167
53	101	165
53	104	167
55	106	169
57	108	171
56	107	170
52	105	168
53	106	169
54	107	170
55	108	171
55	109	172
54	109	170
57	109	169
54	107	164
53	105	165
54	106	166
56	108	168
56	108	168
53	104	166
50	101	163
42	93	155
45	96	158
47	98	161
45	96	159
41	92	155
37	88	151
36	87	150
36	87	150
38	89	151
35	86	148
36	88	148
40	92	152
41	94	151
40	93	150
42	96	151
46	100	155
44	98	151
47	101	154
48	103	154
45	100	151
46	102	151
50	106	155
51	107	154
48	104	151
50	102	148
49	104	149
51	106	151
50	107	152
50	107	152
53	105	151
56	102	149
64	100	148
70	95	145
79	96	147
88	96	149
92	98	151
95	99	152
92	98	151
91	97	150
88	96	149
94	100	153
96	102	155
99	105	158
103	109	162
106	112	165
108	114	167
109	115	168
109	115	168
111	117	170
111	117	170
111	117	170
112	118	171
114	120	173
116	122	175
118	124	177
119	125	178
121	124	179
121	124	179
122	125	180
123	126	181
123	126	181
122	125	180
121	124	179
121	124	179
122	125	180
124	127	182
126	129	184
126	129	184
126	129	184
126	129	184
128	131	186
131	132	188
133	133	187
135	135	189
136	136	190
135	135	189
134	134	188
134	134	188
136	136	190
139	139	193
140	140	194
138	140	194
138	140	194
137	139	193
137	139	193
137	139	193
137	139	193
130	140	194
125	149	207
119	151	210
119	151	210
121	153	212
123	156	212
125	158	214
127	160	216
128	161	217
129	163	217
128	162	216
127	161	214
128	162	215
131	165	218
133	167	220
133	167	220
131	168	220
129	168	220
127	166	218
126	165	217
127	166	218
129	168	220
131	170	222
131	170	222
130	169	221
128	167	219
125	164	216
124	163	215
126	165	217
126	165	217
122	161	213
122	161	213
125	164	216
127	166	218
130	169	221
134	173	225
134	173	225
132	171	223
131	170	222
131	170	222
132	171	223
135	174	226
135	174	226
134	173	225
133	172	224
131	170	222
130	169	221
129	168	220
128	168	220
118	161	210
121	164	213
128	171	220
134	177	226
132	175	224
127	171	218
132	174	221
140	182	229
134	176	221
138	180	225
144	185	230
145	186	231
142	184	227
141	180	224
140	179	223
142	178	224
149	182	231
144	177	226
140	173	222
141	174	223
146	179	228
59	105	169
61	107	171
60	108	172
59	107	171
57	105	169
57	105	169
56	107	170
57	108	171
59	110	173
56	107	170
52	105	168
53	106	169
56	109	172
58	111	174
56	110	173
54	109	170
56	108	168
54	107	164
52	104	164
50	102	162
50	102	162
50	102	162
50	101	163
50	101	163
44	95	157
46	97	159
49	100	163
49	100	163
46	97	160
43	94	157
41	92	155
40	91	154
37	88	150
35	86	148
35	87	147
39	91	151
41	94	151
40	93	150
42	96	151
47	101	156
45	99	152
49	103	156
49	104	155
47	102	153
47	103	152
51	107	156
52	108	155
49	105	152
50	102	148
49	104	149
51	106	151
50	107	152
50	107	152
53	105	151
56	102	149
64	100	148
71	96	146
80	97	148
89	97	150
93	99	152
95	99	152
93	99	152
92	98	151
90	98	151
94	100	153
96	102	155
100	106	159
103	109	162
106	112	165
108	114	167
108	114	167
108	114	167
110	116	169
110	116	169
111	117	170
112	118	171
114	120	173
116	122	175
117	123	176
119	125	178
121	124	179
121	124	179
122	125	180
122	125	180
122	125	180
122	125	180
121	124	179
121	124	179
123	126	181
125	128	183
126	129	184
126	129	184
126	129	184
126	129	184
127	130	185
130	131	187
133	133	187
136	133	188
135	135	189
135	135	189
135	135	189
136	136	190
136	138	192
138	140	194
137	139	193
137	139	193
137	139	193
135	139	192
134	138	191
134	138	191
133	137	190
125	137	191
125	152	209
118	152	211
117	151	210
117	151	210
118	153	209
120	155	211
123	158	214
124	159	215
127	163	217
125	161	215
123	160	212
124	161	213
126	163	215
128	165	217
128	165	217
127	164	216
126	165	217
125	164	216
126	165	217
128	167	219
130	169	221
131	170	222
130	169	221
129	168	220
131	170	222
128	167	219
128	167	219
131	170	222
130	169	221
125	164	216
123	162	214
124	163	215
121	162	211
124	165	214
128	169	218
130	171	220
131	172	221
132	173	222
134	175	224
135	176	225
137	178	227
137	178	227
135	176	225
134	175	224
133	174	223
132	173	222
130	171	220
130	171	220
118	159	208
122	163	212
130	172	219
134	176	223
132	174	221
129	171	218
133	173	221
140	181	226
140	181	226
141	182	227
144	183	227
143	182	226
139	178	222
139	176	220
138	175	219
138	174	220
147	180	229
144	177	227
141	174	224
143	176	226
147	180	230
60	106	170
61	107	171
60	108	172
60	108	172
60	108	172
60	108	172
59	110	173
59	110	173
59	110	173
56	107	170
51	104	167
52	105	168
56	109	172
58	111	174
56	110	173
53	108	169
54	106	166
54	107	164
54	106	166
51	103	163
48	100	160
47	99	159
48	99	161
49	100	162
49	100	162
50	101	163
50	101	164
49	100	163
47	98	161
45	96	159
44	95	158
44	95	158
34	85	147
31	82	144
32	84	144
36	88	148
38	91	148
38	91	148
40	94	149
44	98	153
46	100	153
49	103	156
49	104	155
47	102	153
47	103	152
51	107	156
51	107	154
48	104	151
50	102	148
49	104	149
51	106	151
50	107	152
50	107	152
53	105	151
56	102	149
64	100	148
71	96	146
79	96	147
88	96	149
91	97	150
94	98	151
92	98	151
92	98	151
90	98	151
95	101	154
97	103	156
100	106	159
103	109	162
106	112	165
107	113	166
108	114	167
108	114	167
110	116	169
110	116	169
111	117	170
112	118	171
113	119	172
115	121	174
117	123	176
118	124	177
121	124	179
121	124	179
121	124	179
122	125	180
122	125	180
121	124	179
121	124	179
121	124	179
124	127	182
125	128	183
127	130	185
127	130	185
125	128	183
125	128	183
127	130	185
129	130	186
132	132	186
135	132	187
134	134	188
134	134	188
135	135	189
137	137	191
137	139	193
138	140	194
138	140	194
136	140	193
135	139	192
134	138	191
133	137	190
132	136	189
132	136	189
122	136	189
125	152	209
115	152	210
116	150	209
114	151	209
117	152	208
118	155	211
122	157	213
122	159	215
126	162	216
122	160	214
122	159	211
120	159	211
124	161	213
123	162	214
124	161	213
121	160	212
123	162	214
123	162	214
125	164	216
128	167	219
131	170	222
132	171	223
130	169	221
128	167	219
129	168	220
128	167	219
129	168	220
133	172	224
132	171	223
127	166	218
124	163	215
125	164	216
120	161	210
122	163	212
124	165	214
126	167	216
129	170	219
131	172	221
134	175	224
136	177	226
136	177	226
135	176	225
134	175	224
134	175	224
135	176	225
135	176	225
134	175	224
133	174	223
121	162	211
126	167	216
133	175	222
135	177	224
132	174	221
130	170	218
133	174	219
137	178	223
143	182	227
142	181	226
140	179	223
140	177	221
137	174	218
136	173	217
136	173	217
136	172	218
146	179	228
144	177	227
143	176	226
145	178	228
150	183	233
60	106	170
60	106	170
60	108	172
61	109	173
62	110	174
63	111	175
60	111	174
59	110	173
57	108	171
54	105	168
50	103	166
51	104	167
54	107	170
56	109	172
54	108	171
52	107	168
53	105	165
54	107	164
55	107	167
54	106	166
51	103	163
48	100	160
47	98	160
47	98	160
53	104	166
50	101	163
46	97	160
43	94	157
42	93	156
41	92	155
42	93	156
42	93	156
34	85	147
32	83	145
32	84	144
36	88	148
38	91	148
37	90	147
39	93	148
43	97	152
45	99	152
48	102	155
49	104	155
46	101	152
46	102	151
49	105	154
50	106	153
47	103	150
50	102	148
49	104	149
51	106	151
50	107	152
50	107	152
53	105	151
56	102	149
64	100	148
71	96	146
78	95	146
86	94	147
89	95	148
92	96	149
91	97	150
91	97	150
89	97	150
95	101	154
97	103	156
100	106	159
103	109	162
106	112	165
107	113	166
107	113	166
107	113	166
109	115	168
110	116	169
110	116	169
111	117	170
113	119	172
115	121	174
117	123	176
118	124	177
121	124	179
121	124	179
121	124	179
120	123	178
120	123	178
121	124	179
121	124	179
121	124	179
123	126	181
125	128	183
126	129	184
126	129	184
126	129	184
126	129	184
127	130	185
130	131	187
132	132	186
134	131	186
134	131	186
135	132	187
135	135	189
137	137	191
136	138	192
137	139	193
137	141	194
136	140	193
136	140	193
133	139	192
132	138	191
131	137	190
130	136	189
120	136	189
120	149	206
112	150	208
113	150	208
113	151	209
116	153	209
118	157	212
122	159	215
122	161	216
123	161	215
120	160	213
119	158	210
118	158	210
120	159	211
120	160	212
120	159	211
119	158	210
121	160	212
122	161	213
123	162	214
127	166	218
130	169	221
131	170	222
130	169	221
128	167	219
126	165	217
125	164	216
128	167	219
133	172	224
133	172	224
128	167	219
125	164	216
126	165	217
123	164	213
122	163	212
122	163	212
123	164	213
126	167	216
129	170	219
131	172	221
133	174	223
132	173	222
131	172	221
130	171	220
132	173	222
136	177	226
138	179	228
137	178	227
135	176	225
128	168	216
134	174	222
140	180	228
139	179	227
134	174	222
133	171	219
135	174	219
137	176	221
142	179	223
140	177	221
138	175	219
138	173	217
138	173	216
139	174	217
140	175	218
140	175	219
145	178	227
145	178	228
145	178	228
148	181	231
151	184	234
61	107	171
60	106	170
59	107	171
61	109	173
63	111	175
64	112	176
59	110	173
57	108	171
54	105	168
54	105	168
52	105	168
52	105	168
52	105	168
53	106	169
53	107	170
54	109	170
53	105	165
53	106	163
54	106	166
54	106	166
53	105	165
51	103	163
49	100	162
47	98	160
56	107	169
53	104	166
48	99	162
45	96	159
45	96	159
45	96	159
44	95	158
43	94	157
40	91	153
37	88	150
37	89	149
41	93	153
42	95	152
41	94	151
42	96	151
46	100	155
46	100	153
49	103	156
49	104	155
46	101	152
46	102	151
49	105	154
49	105	152
46	102	149
50	102	148
49	104	149
51	106	151
50	107	152
50	107	152
53	105	151
56	102	149
64	100	148
71	96	146
78	95	146
86	94	147
88	94	147
91	95	148
90	96	149
91	97	150
89	97	150
96	102	155
98	104	157
101	107	160
104	110	163
106	112	165
107	113	166
107	113	166
107	113	166
109	115	168
109	115	168
110	116	169
111	117	170
112	118	171
114	120	173
116	122	175
117	123	176
121	124	179
121	124	179
120	123	178
120	123	178
120	123	178
120	123	178
121	124	179
121	124	179
122	125	180
123	126	181
126	129	184
126	129	184
126	129	184
126	129	184
129	132	187
131	132	188
133	133	187
133	130	185
132	129	184
133	130	185
134	134	188
136	136	190
134	136	190
134	136	190
135	139	192
135	139	192
132	138	191
132	138	191
131	137	190
130	136	189
128	136	189
121	137	190
118	148	205
112	150	208
113	151	209
116	154	212
118	157	212
120	159	214
121	160	215
122	161	216
121	161	214
119	159	212
117	157	209
117	157	209
118	158	210
119	159	211
118	158	210
117	157	209
120	159	211
120	159	211
121	160	212
125	164	216
128	167	219
131	170	222
131	170	222
130	169	221
125	164	216
124	163	215
127	166	218
132	171	223
132	171	223
128	167	219
126	165	217
127	166	218
125	166	215
123	164	213
120	161	210
121	162	211
123	164	213
127	168	217
129	170	219
129	170	219
130	171	220
128	169	218
127	168	217
131	172	221
136	177	226
139	180	229
139	180	229
137	178	227
132	172	220
140	180	228
144	184	232
143	181	229
137	175	223
135	173	221
138	174	220
138	174	220
139	176	220
137	174	218
136	171	215
136	171	215
138	173	216
140	175	218
142	177	220
142	177	221
143	176	225
144	177	227
146	179	229
148	181	231
150	183	233
61	107	171
61	107	171
59	107	171
61	109	173
64	112	176
64	112	176
58	109	172
55	106	169
53	104	167
56	107	170
56	109	172
55	108	171
51	104	167
51	104	167
53	107	170
57	112	173
55	107	167
52	105	162
49	101	161
49	101	161
51	103	163
52	104	164
51	102	164
48	99	161
55	106	168
53	104	166
51	102	165
51	102	165
52	103	166
51	102	165
48	99	162
45	96	159
46	97	159
42	93	155
42	94	154
45	97	157
45	98	155
43	96	153
44	98	153
48	102	157
47	101	154
50	104	157
50	105	156
47	102	153
47	103	152
50	106	155
50	106	153
47	103	150
50	102	148
49	104	149
51	106	151
50	107	152
50	107	152
53	105	151
56	102	149
64	100	148
72	97	147
79	96	147
86	94	147
89	95	148
92	96	149
91	97	150
92	98	151
90	98	151
96	102	155
98	104	157
101	107	160
104	110	163
106	112	165
107	113	166
107	113	166
106	112	165
109	115	168
109	115	168
109	115	168
110	116	169
112	118	171
114	120	173
116	122	175
117	123	176
121	124	179
121	124	179
120	123	178
119	122	177
119	122	177
120	123	178
121	124	179
121	124	179
120	123	178
122	125	180
125	128	183
126	129	184
126	129	184
127	130	185
130	133	188
133	134	190
133	133	187
132	129	184
131	128	183
131	128	183
132	132	186
134	134	188
132	134	188
130	132	186
132	136	189
132	136	189
130	136	189
130	136	189
128	136	189
127	135	188
127	135	188
120	136	189
117	150	206
112	152	210
114	154	212
117	157	215
118	159	214
118	159	214
117	158	213
117	158	213
117	159	212
116	158	211
114	157	208
114	157	208
116	159	210
117	160	211
117	160	211
118	158	210
121	160	212
120	159	211
120	159	211
122	161	213
127	166	218
130	169	221
131	170	222
131	170	222
128	167	219
126	165	217
128	167	219
132	171	223
132	171	223
127	166	218
125	164	216
127	166	218
126	167	216
120	163	212
117	160	209
116	159	208
120	163	212
124	167	216
126	169	218
126	169	218
130	173	222
127	170	219
126	169	218
129	172	221
135	178	227
138	181	230
137	180	229
136	177	226
132	172	220
143	181	229
148	186	234
145	181	229
139	175	221
139	175	221
142	176	222
141	175	221
140	175	219
137	172	216
135	168	213
136	169	214
140	174	217
143	177	220
144	178	221
143	176	221
140	173	223
142	174	227
144	176	229
146	178	231
147	179	232
60	108	172
59	107	171
59	107	171
61	109	173
64	112	176
63	111	175
57	108	171
53	104	167
52	103	166
58	109	172
61	112	175
59	110	173
54	105	168
52	103	166
55	108	171
61	115	176
58	110	170
53	103	163
47	97	157
46	96	156
51	100	162
52	103	165
54	103	165
50	101	163
46	97	159
46	97	159
48	99	161
51	102	164
54	105	168
52	103	165
46	97	159
40	91	153
48	100	160
44	97	154
45	95	153
46	99	156
48	99	155
44	98	153
46	98	151
48	102	155
51	103	156
52	107	158
54	107	158
49	104	155
50	103	153
51	107	156
53	107	154
50	104	151
50	102	148
51	103	149
51	106	151
50	107	152
50	107	152
53	105	151
58	102	149
64	100	148
76	99	149
83	97	149
88	96	149
92	96	147
93	97	150
94	98	149
93	100	150
92	101	151
97	103	156
98	104	157
101	107	160
104	110	163
106	112	165
106	112	165
106	112	165
106	112	165
109	115	168
109	115	168
109	115	168
110	116	169
112	118	171
114	120	173
116	122	175
117	123	176
122	125	180
121	124	179
119	122	177
118	121	176
118	121	176
119	122	177
121	124	179
122	125	180
119	122	177
121	124	179
124	127	182
126	129	184
126	129	184
128	131	186
131	134	189
134	135	191
133	133	187
130	130	184
130	127	182
129	129	183
131	131	185
133	133	187
130	132	186
128	130	184
129	133	186
129	133	186
130	134	187
128	134	187
128	134	187
128	134	187
128	134	187
119	135	188
119	153	207
114	155	210
117	157	215
119	160	215
120	161	216
118	159	214
116	157	212
114	155	210
117	159	212
115	157	210
114	157	208
114	157	208
116	159	210
116	161	212
118	161	212
117	160	211
120	160	212
119	158	210
119	158	210
121	160	212
125	164	216
130	169	221
132	171	223
133	172	224
132	171	223
129	168	220
130	169	221
133	172	224
131	170	222
126	165	217
124	163	215
126	165	217
126	166	218
119	162	213
115	158	207
115	158	207
119	162	211
123	166	215
126	170	217
126	170	217
133	177	224
129	173	220
127	170	219
130	173	222
136	179	228
139	182	231
137	180	231
135	176	225
129	169	218
140	180	228
147	185	233
142	180	228
137	175	223
140	176	222
141	177	223
142	176	222
140	174	220
137	172	216
135	168	213
137	170	215
140	173	218
143	177	220
145	177	220
142	175	220
138	171	220
138	173	223
143	175	228
142	177	227
145	177	230
51	102	164
53	104	166
55	106	168
58	109	171
59	110	172
60	111	173
60	111	173
60	111	173
61	110	172
63	112	174
64	113	175
62	111	173
58	107	169
56	105	167
57	106	168
59	108	170
58	105	167
53	100	162
49	96	158
50	97	159
55	101	165
56	105	167
56	103	165
51	100	162
47	96	158
48	97	159
50	99	161
51	101	161
50	101	163
49	101	161
48	100	160
47	100	157
50	102	155
50	103	154
53	103	155
51	104	155
53	103	155
50	103	154
51	101	153
48	101	152
53	103	155
51	104	154
53	104	154
50	103	153
52	103	153
49	102	152
51	102	152
51	103	150
52	102	148
51	101	147
47	102	147
48	103	148
50	105	150
54	104	150
59	101	146
64	98	144
71	94	142
78	93	142
87	94	144
91	95	144
93	96	147
93	98	147
92	99	148
93	100	149
97	101	152
98	102	155
101	105	158
103	107	160
105	109	162
107	111	164
107	111	164
108	112	165
109	113	166
111	115	168
113	117	170
115	119	172
116	120	173
117	121	174
116	120	173
116	120	173
119	122	177
121	124	179
122	125	180
123	126	181
122	125	180
120	123	178
118	121	176
116	119	174
115	118	173
117	120	175
120	123	178
123	126	181
125	128	183
126	129	184
126	129	184
126	129	184
131	133	187
129	131	185
129	129	183
126	128	182
127	129	183
128	130	184
129	131	185
129	131	185
129	131	185
129	131	185
130	132	186
130	134	187
130	134	187
128	132	185
127	131	184
116	130	183
116	147	202
112	154	207
118	159	214
120	162	215
117	159	212
114	156	209
111	155	208
111	155	208
111	155	208
112	156	209
114	158	211
115	159	212
116	160	213
114	161	213
115	159	212
114	158	211
118	158	210
118	157	209
117	156	208
118	157	209
122	161	213
128	167	219
134	173	225
138	177	229
131	170	222
133	172	224
135	174	226
133	172	224
129	168	220
125	164	216
124	163	215
125	164	216
122	162	215
120	160	213
119	159	211
118	159	208
120	161	210
124	166	213
129	171	216
132	174	219
136	178	223
137	179	224
137	179	226
137	178	227
135	176	225
133	173	225
130	170	223
129	169	222
117	157	209
127	168	217
135	175	224
134	174	223
132	172	221
137	175	223
140	178	226
142	178	226
139	175	223
135	171	217
135	169	215
138	172	218
146	179	225
150	183	228
152	183	228
148	181	226
147	183	231
138	176	224
133	168	218
129	167	215
134	169	219
52	106	167
53	107	168
55	109	170
56	110	171
59	110	172
59	110	172
58	109	171
58	109	171
60	109	171
62	111	173
63	112	174
61	110	172
61	108	170
59	106	168
60	107	169
62	109	171
62	106	170
58	102	166
54	98	162
54	98	162
56	102	166
58	104	168
56	103	165
51	100	162
47	96	158
48	97	159
50	100	160
49	101	161
50	102	162
49	101	161
48	101	158
47	101	156
50	103	154
51	104	154
53	104	154
51	104	154
53	104	154
50	103	153
51	102	152
48	101	151
52	103	153
50	103	153
52	103	153
49	102	152
51	102	152
48	101	151
50	101	151
50	101	151
52	101	149
51	101	147
46	101	146
47	102	147
48	103	148
53	103	149
59	101	146
64	98	144
71	94	142
80	94	143
87	94	143
91	95	144
93	97	146
95	99	148
95	101	148
93	100	149
97	101	152
98	102	155
99	103	156
101	105	158
103	107	160
105	109	162
107	111	164
108	112	165
109	113	166
110	114	167
113	117	170
115	119	172
116	120	173
116	120	173
116	120	173
115	119	172
118	121	176
119	122	177
120	123	178
120	123	178
120	123	178
118	121	176
117	120	175
116	119	174
117	120	175
118	121	176
119	122	177
121	124	179
123	126	181
124	127	182
124	127	182
125	128	183
129	131	185
128	130	184
126	128	182
125	127	181
126	128	182
128	130	184
129	131	185
129	131	185
127	129	183
128	130	184
129	131	185
129	131	185
129	131	185
128	130	184
126	128	182
116	128	182
117	149	202
112	154	207
116	158	211
117	159	212
115	157	210
113	155	208
111	155	208
111	155	208
111	155	208
112	156	209
114	158	211
116	160	213
114	161	213
114	161	213
113	160	212
115	159	212
117	157	209
117	156	208
117	156	208
118	157	209
121	160	212
125	164	216
129	168	220
132	171	223
129	168	220
131	170	222
133	172	224
132	171	223
128	167	219
125	164	216
125	164	216
126	165	217
124	163	218
123	163	216
121	161	214
120	161	210
122	163	212
125	167	214
129	171	216
132	175	218
136	179	222
136	178	223
137	179	226
136	178	225
134	174	226
132	172	224
129	168	223
127	167	220
114	156	209
123	166	217
132	173	222
132	173	222
132	172	221
135	175	224
139	177	225
139	177	225
139	175	223
137	173	221
139	173	219
144	178	224
151	184	230
154	187	233
154	185	230
148	181	226
149	185	233
141	179	227
134	172	220
132	170	218
135	173	221
54	108	171
54	108	171
55	109	172
55	109	172
56	109	172
56	109	172
55	108	171
54	107	170
57	108	171
59	110	173
60	111	174
59	110	173
59	107	171
58	106	170
59	107	171
61	109	173
64	109	176
60	105	172
56	101	168
55	100	167
57	103	167
57	103	167
53	101	165
50	98	162
50	99	161
49	100	162
50	101	163
52	103	165
52	104	164
50	104	164
49	103	163
50	103	160
49	103	156
49	104	155
52	105	156
50	105	156
51	104	155
49	104	155
50	103	154
47	102	153
50	103	154
47	102	153
49	102	153
47	102	153
48	101	152
46	101	152
48	101	152
48	101	151
50	104	151
48	103	148
44	101	146
44	101	146
46	103	148
51	103	149
57	102	146
65	99	145
71	94	142
79	94	143
87	94	143
92	96	145
95	96	146
95	99	148
95	101	148
96	101	150
97	101	152
97	101	154
97	101	154
98	102	155
100	104	157
103	107	160
106	110	163
107	111	164
108	112	165
109	113	166
112	116	169
114	118	171
115	119	172
115	119	172
115	119	172
114	118	171
117	120	175
117	120	175
117	120	175
117	120	175
117	120	175
116	119	174
116	119	174
116	119	174
118	121	176
118	121	176
118	121	176
119	122	177
119	122	177
121	124	179
122	125	180
123	126	181
126	128	182
126	128	182
125	127	181
124	126	180
125	127	181
126	128	182
128	130	184
129	131	185
125	127	181
126	128	182
127	129	183
128	130	184
127	129	183
126	128	182
124	126	180
114	126	180
118	150	203
111	153	206
114	156	209
114	156	209
113	155	208
112	154	207
113	155	208
114	156	209
111	155	208
112	156	209
114	158	211
116	160	213
117	161	214
117	161	214
116	160	213
117	159	212
120	160	212
121	160	212
121	160	212
121	160	212
123	162	214
124	163	215
126	165	217
127	166	218
127	166	218
128	167	219
129	168	220
129	168	220
126	165	217
124	163	215
124	163	215
124	163	215
127	166	221
125	165	218
124	164	217
123	164	213
124	165	214
127	169	216
130	172	217
132	174	219
131	173	218
132	174	219
134	176	223
135	177	224
134	174	226
132	172	224
130	169	224
129	169	222
114	156	209
120	165	216
128	171	220
128	171	220
130	171	220
133	174	223
136	176	224
136	176	224
137	175	223
137	175	223
141	177	223
147	183	229
155	189	235
156	190	236
154	187	232
149	184	228
151	187	235
143	181	229
138	176	224
136	174	222
137	175	223
54	108	171
55	109	172
55	109	172
55	109	172
55	109	172
56	109	172
56	109	172
56	109	172
57	108	171
58	109	172
58	109	172
58	109	172
60	108	172
60	108	172
60	108	172
61	109	173
64	109	176
61	106	173
58	103	170
57	102	169
57	102	169
54	102	166
51	99	163
47	98	161
51	102	165
52	103	165
54	105	167
53	107	168
53	107	167
53	107	167
52	106	166
51	106	163
48	105	157
48	105	156
51	106	157
49	106	157
50	105	156
47	104	155
48	103	154
46	103	154
49	104	155
47	104	155
48	103	154
46	103	154
48	103	154
45	102	153
47	102	153
47	103	152
50	106	153
47	104	149
43	102	147
43	102	147
45	104	149
50	105	150
59	104	148
65	101	147
69	95	142
79	94	143
87	94	143
92	96	145
95	96	146
95	99	148
96	100	148
96	101	150
97	101	152
96	100	153
95	99	152
96	100	153
98	102	155
101	105	158
105	109	162
107	111	164
107	111	164
108	112	165
111	115	168
113	117	170
114	118	171
114	118	171
114	118	171
113	117	170
116	119	174
116	119	174
115	118	173
115	118	173
115	118	173
116	119	174
117	120	175
117	120	175
119	122	177
118	121	176
117	120	175
116	119	174
117	120	175
118	121	176
120	123	178
121	124	179
124	126	180
124	126	180
124	126	180
123	125	179
123	125	179
124	126	180
127	129	183
129	131	185
125	127	181
126	128	182
127	129	183
128	130	184
127	129	183
126	128	182
124	126	180
114	126	180
119	151	204
111	153	206
111	153	206
111	153	206
111	153	206
112	154	207
113	155	208
115	157	210
111	155	208
113	157	210
115	159	212
117	161	214
118	162	215
118	162	215
117	161	214
119	161	214
125	165	217
126	165	217
127	166	218
127	166	218
127	166	218
127	166	218
126	165	217
126	165	217
127	166	218
127	166	218
126	165	217
125	164	216
123	162	214
121	160	212
120	159	211
120	159	211
127	167	220
126	166	219
126	166	218
125	166	215
126	167	216
127	169	216
129	171	216
130	172	217
125	167	212
128	170	215
131	173	220
133	175	222
135	175	227
134	174	226
132	172	225
129	171	224
112	157	208
119	164	215
127	170	219
127	170	219
129	170	219
132	173	222
135	175	223
133	173	221
137	175	223
138	176	224
142	178	224
147	183	229
153	187	233
155	189	235
154	189	233
152	187	231
149	187	235
143	183	231
140	178	226
136	176	224
139	177	225
52	109	171
52	109	171
52	109	171
52	109	171
53	110	172
56	110	173
57	111	174
58	112	175
56	109	172
55	108	171
55	108	171
56	109	172
58	109	172
59	110	173
59	110	173
58	109	172
60	108	174
59	106	174
57	104	172
56	104	170
55	103	169
51	101	167
48	98	164
46	97	160
50	101	164
49	102	165
51	105	166
52	106	167
53	107	168
51	106	167
50	105	166
49	105	164
48	105	160
48	106	158
49	106	158
48	106	158
49	106	158
47	105	157
47	104	156
46	104	156
49	106	158
48	106	158
49	106	158
47	105	157
48	105	157
47	105	157
47	104	156
47	104	155
49	108	154
47	106	151
44	105	149
45	106	150
46	107	151
50	107	152
59	106	150
64	103	148
69	95	142
78	93	142
84	94	142
91	95	144
95	96	146
94	98	147
95	99	147
95	100	149
96	100	151
95	99	152
94	98	151
95	99	152
97	101	154
100	104	157
104	108	161
106	110	163
106	110	163
107	111	164
109	113	166
111	115	168
113	117	170
113	117	170
112	116	169
112	116	169
115	118	173
115	118	173
115	118	173
115	118	173
115	118	173
117	120	175
118	121	176
119	122	177
119	122	177
118	121	176
117	120	175
116	119	174
116	119	174
117	120	175
118	121	176
119	122	177
122	124	178
123	125	179
124	126	180
122	124	178
121	123	177
121	123	177
125	127	181
128	130	184
126	128	182
126	128	182
128	130	184
128	130	184
128	130	184
126	128	182
125	127	181
115	127	181
120	152	205
110	152	205
110	152	205
110	152	205
111	153	206
113	155	208
114	156	209
115	157	210
113	155	208
115	157	210
117	159	212
119	161	214
121	163	216
121	163	216
121	163	216
120	162	215
127	167	219
129	168	220
129	168	220
129	168	220
129	168	220
127	166	218
126	165	217
125	164	216
128	167	219
127	166	218
124	163	215
122	161	213
121	160	212
119	158	210
117	156	208
116	155	207
126	166	219
126	166	219
126	166	218
126	167	216
127	168	217
128	170	217
128	170	215
129	171	216
127	169	214
129	171	216
132	174	221
134	176	223
134	174	226
132	172	224
129	169	222
125	167	220
114	159	210
118	165	216
124	170	218
124	170	218
127	170	219
130	173	222
132	174	221
129	171	218
134	174	222
134	174	222
137	176	221
139	178	223
146	182	228
149	185	231
151	188	232
152	189	233
145	185	233
141	183	230
139	179	227
136	178	225
137	177	225
52	109	171
52	109	171
52	109	171
52	109	171
53	110	172
55	112	174
58	112	175
59	113	176
58	111	174
56	109	172
55	108	171
55	108	171
59	110	173
59	110	173
58	109	172
56	107	170
57	104	172
57	104	172
57	104	172
57	104	172
53	103	169
51	101	167
50	100	166
49	99	165
46	99	162
47	100	163
48	102	163
50	104	165
49	104	165
49	104	165
48	103	164
47	103	162
48	105	160
49	107	159
49	107	159
49	107	159
49	107	159
48	106	158
47	105	157
46	104	156
49	107	159
49	107	159
49	107	159
49	107	159
48	106	158
48	106	158
48	106	158
47	106	156
46	106	152
46	107	151
43	106	150
45	108	152
48	109	153
51	108	153
56	105	149
63	102	147
67	93	140
77	92	141
83	93	141
88	93	142
93	94	144
93	97	146
94	98	146
93	98	147
95	99	150
95	99	152
95	99	152
96	100	153
98	102	155
101	105	158
103	107	160
105	109	162
104	108	161
106	110	163
108	112	165
110	114	167
111	115	168
112	116	169
111	115	168
111	115	168
113	116	171
113	116	171
114	117	172
115	118	173
116	119	174
117	120	175
118	121	176
118	121	176
117	120	175
117	120	175
117	120	175
117	120	175
117	120	175
117	120	175
118	121	176
119	122	177
121	123	177
123	125	179
124	126	180
122	124	178
118	120	174
118	120	174
122	124	178
125	127	181
125	127	181
126	128	182
127	129	183
128	130	184
127	129	183
126	128	182
124	126	180
114	126	180
121	153	206
110	152	205
109	151	204
110	152	205
113	155	208
115	157	210
116	158	211
115	157	210
114	156	209
115	157	210
118	160	213
120	162	215
122	164	217
122	164	217
122	164	217
123	163	216
128	167	219
128	167	219
128	167	219
128	167	219
127	166	218
126	165	217
125	164	216
124	163	215
130	169	221
127	166	218
124	163	215
122	161	213
122	161	213
121	160	212
119	158	210
117	156	208
124	164	217
125	165	217
127	167	219
128	169	218
129	170	219
129	171	218
129	171	218
129	171	216
132	174	221
134	176	223
136	178	225
136	177	226
134	175	224
130	170	222
125	165	218
119	161	214
118	163	214
120	167	218
125	171	219
124	170	218
127	170	219
130	173	222
130	172	219
126	168	215
130	170	218
130	170	218
133	172	217
135	174	219
140	176	222
144	180	226
148	185	229
148	187	231
144	184	232
141	183	230
139	181	228
137	179	226
136	178	225
53	112	174
52	111	173
51	110	172
50	109	171
53	110	172
53	110	172
55	112	174
55	112	174
58	112	175
56	110	173
55	108	171
55	108	171
57	110	173
57	110	173
55	108	171
53	106	169
53	102	170
55	104	172
56	105	173
56	105	173
55	105	171
54	104	170
51	103	169
51	103	169
46	99	162
47	100	163
48	103	164
49	104	165
50	105	166
49	104	165
46	103	164
45	103	162
47	106	162
47	107	161
48	108	162
48	108	162
47	107	161
46	106	160
46	106	160
45	105	159
47	107	161
47	107	161
47	107	161
46	106	160
46	106	160
45	105	159
45	105	159
45	105	157
41	103	149
41	104	148
42	105	149
43	108	152
46	109	153
48	107	152
53	104	147
58	99	144
64	92	139
73	90	139
81	91	139
87	92	141
92	93	143
91	95	144
92	96	144
92	97	146
94	98	149
94	98	151
96	100	153
98	102	155
100	104	157
102	106	159
103	107	160
104	108	161
104	108	161
105	109	162
107	111	164
109	113	166
111	115	168
111	115	168
110	114	167
110	114	167
109	112	167
110	113	168
112	115	170
114	117	172
116	119	174
116	119	174
116	119	174
116	119	174
116	119	174
116	119	174
117	120	175
118	121	176
119	122	177
119	122	177
119	122	177
119	122	177
121	123	177
123	125	179
124	126	180
121	123	177
117	119	173
115	117	171
119	121	175
123	125	179
124	126	180
125	127	181
126	128	182
126	128	182
126	128	182
125	127	181
123	125	179
113	125	179
119	153	206
108	152	205
110	152	205
112	154	207
115	157	210
117	159	212
117	159	212
115	157	210
116	156	209
117	157	210
120	160	213
123	163	216
124	164	217
125	165	218
125	165	218
124	164	217
128	167	219
128	167	219
128	167	219
127	166	218
127	166	218
127	166	218
127	166	218
127	166	218
131	170	222
128	167	219
125	164	216
124	163	215
126	165	217
127	166	218
126	165	217
124	163	215
124	164	216
125	165	217
128	168	220
131	172	221
132	173	222
132	173	222
132	173	222
131	173	220
132	173	222
134	175	224
136	177	226
137	178	227
135	176	225
131	172	221
125	165	217
120	163	214
121	166	217
123	170	221
125	173	221
123	171	219
126	172	220
128	174	222
127	171	218
122	166	213
123	165	212
125	167	214
130	171	216
133	174	219
137	176	221
140	179	224
145	182	226
144	183	227
144	184	232
142	184	231
141	183	230
139	181	228
137	179	226
56	115	177
55	114	176
53	112	174
51	110	172
52	109	171
52	109	171
53	110	172
53	110	172
60	114	177
57	111	174
55	108	171
55	108	171
57	110	173
57	110	173
54	107	170
51	104	167
53	103	169
55	104	172
57	106	174
58	108	174
57	107	173
56	106	172
54	106	172
54	107	170
49	102	165
51	105	166
51	106	167
53	108	169
53	108	169
52	107	168
49	106	167
49	107	166
47	106	162
48	108	162
48	108	162
48	108	162
48	108	162
47	107	161
46	106	160
45	105	159
46	106	160
46	106	160
46	106	160
45	105	159
45	105	159
44	104	158
44	104	158
44	104	156
38	100	146
39	102	146
41	104	148
42	107	151
46	109	153
47	106	151
50	101	144
55	96	141
63	91	138
72	89	138
80	90	138
86	91	140
91	92	142
90	94	143
91	95	143
91	96	145
93	97	148
94	98	151
96	100	153
99	103	156
101	105	158
102	106	159
103	107	160
103	107	160
103	107	160
105	109	162
107	111	164
109	113	166
110	114	167
110	114	167
110	114	167
109	113	166
105	108	163
107	110	165
111	114	169
114	117	172
115	118	173
115	118	173
114	117	172
113	116	171
114	117	172
115	118	173
118	121	176
119	122	177
120	123	178
120	123	178
119	122	177
119	122	177
121	123	177
124	126	180
125	127	181
121	123	177
115	117	171
114	116	170
117	119	173
122	124	178
122	124	178
123	125	179
124	126	180
125	127	181
124	126	180
123	125	179
121	123	177
111	123	177
119	153	206
108	152	205
110	152	205
113	155	208
117	159	212
119	161	214
117	159	212
115	157	210
116	156	209
118	158	211
120	160	213
123	163	216
125	165	218
125	165	218
126	164	218
126	164	218
130	169	221
130	169	221
129	168	220
129	168	220
129	168	220
130	169	221
131	170	222
132	171	223
131	170	222
128	167	219
125	164	216
126	165	217
130	169	221
132	171	223
132	171	223
131	170	222
124	164	216
126	166	218
129	170	219
133	174	223
134	175	224
135	176	225
134	175	224
134	175	224
127	168	217
130	171	220
134	175	224
137	178	227
137	178	227
134	175	224
130	170	222
125	168	219
124	169	220
125	172	223
126	174	222
124	172	220
126	172	220
128	174	222
126	170	217
121	165	212
119	161	208
123	165	212
130	171	216
134	175	220
139	178	223
140	179	224
142	179	223
141	180	224
144	184	232
143	185	232
142	184	231
140	182	229
138	180	227
50	107	168
51	108	169
53	110	171
54	111	172
54	111	172
54	111	172
55	110	171
54	109	170
57	111	172
55	109	170
53	107	168
56	110	171
62	113	175
64	115	177
63	114	176
60	111	174
61	109	175
60	108	174
57	105	171
55	103	167
52	103	166
52	103	166
53	104	167
54	105	167
45	99	160
46	100	161
48	102	163
50	104	164
51	107	166
53	109	168
55	111	170
56	113	169
48	105	160
49	107	159
50	108	160
51	109	161
50	108	160
49	107	159
46	104	156
45	103	155
50	108	160
50	108	160
50	108	160
50	108	160
50	108	160
49	107	159
49	107	159
49	108	158
43	103	149
41	102	146
38	101	145
40	103	147
45	106	150
49	106	151
54	103	147
60	99	144
62	90	137
73	90	139
82	92	140
87	92	141
90	91	141
89	93	142
91	95	143
92	97	146
91	95	146
92	96	149
94	98	151
97	101	154
99	103	156
102	106	159
104	108	161
105	109	162
103	107	160
104	108	161
105	109	162
107	111	164
109	113	166
110	114	167
110	114	167
111	115	168
111	114	169
112	115	170
113	116	171
114	117	172
114	117	172
114	117	172
114	117	172
114	117	172
116	119	174
116	119	174
116	119	174
116	119	174
117	120	175
118	121	176
119	122	177
120	123	178
121	123	177
121	123	177
120	122	176
120	122	176
119	121	175
118	120	174
118	120	174
118	120	174
120	122	176
121	123	177
121	123	177
122	124	178
122	124	178
121	123	177
121	123	177
111	123	177
116	150	203
110	154	207
113	157	210
113	157	210
112	154	207
111	153	206
114	154	207
117	157	210
116	156	209
119	159	212
123	161	215
122	160	214
120	158	212
121	159	213
126	162	216
128	166	220
128	167	219
129	168	220
130	169	221
128	167	219
126	165	217
126	165	217
130	169	221
134	173	225
132	171	223
130	169	221
129	168	220
131	170	222
136	175	227
139	178	230
139	178	230
137	176	228
131	172	221
135	176	225
137	178	227
135	176	225
132	173	222
131	172	221
131	171	223
130	170	222
130	170	222
132	172	224
135	176	225
138	179	228
139	180	229
138	179	228
136	177	226
132	175	224
121	166	217
122	169	220
126	172	220
127	173	221
131	174	223
133	176	225
128	170	217
119	161	208
120	160	208
125	165	213
133	172	217
137	176	221
140	176	222
139	175	221
139	176	220
137	176	220
135	175	223
137	179	226
140	182	229
140	182	229
139	181	228
57	112	173
55	113	172
58	113	174
56	114	173
57	112	173
56	112	171
54	109	170
54	108	168
57	111	172
56	110	170
55	109	170
58	110	170
59	110	172
60	112	172
59	110	172
60	109	171
56	104	168
55	103	167
56	102	166
53	102	164
53	101	165
50	101	163
50	101	163
51	103	163
45	97	157
43	97	157
44	98	158
45	100	157
46	101	158
45	102	158
47	102	159
48	103	160
46	103	155
46	103	154
46	103	155
47	104	155
47	104	156
48	105	156
49	106	158
49	106	157
54	111	163
53	110	161
52	109	161
50	107	158
48	105	157
46	103	154
44	101	153
44	101	152
46	102	149
43	102	147
42	101	146
43	104	148
46	105	150
51	106	151
56	103	147
61	100	145
63	89	136
72	89	138
82	92	140
88	92	141
88	92	141
89	93	142
91	97	144
93	98	147
92	96	147
93	97	150
94	98	151
97	101	154
99	103	156
101	105	158
103	107	160
104	108	161
101	105	158
102	106	159
104	108	161
106	110	163
107	111	164
108	112	165
108	112	165
108	112	165
109	112	167
110	113	168
111	114	169
113	116	171
114	117	172
114	117	172
114	117	172
114	117	172
115	118	173
115	118	173
115	118	173
116	119	174
116	119	174
118	121	176
119	122	177
120	123	178
119	121	175
119	121	175
119	121	175
118	120	174
118	120	174
118	120	174
118	120	174
118	120	174
120	122	176
120	122	176
121	123	177
121	123	177
121	123	177
121	123	177
120	122	176
111	123	177
117	151	204
110	154	207
112	156	209
113	157	210
115	157	210
115	157	210
118	158	211
119	159	212
117	157	210
118	158	211
119	157	211
119	157	211
121	157	211
123	159	213
126	162	216
129	165	219
127	166	218
129	168	220
130	169	221
130	169	221
128	167	219
128	167	219
130	169	221
133	172	224
135	174	226
132	171	223
131	170	222
132	171	223
136	175	227
139	178	230
139	178	230
139	178	230
134	175	224
136	177	226
138	179	228
136	177	226
134	175	224
134	175	224
133	173	225
133	173	225
133	173	225
135	175	227
137	177	229
138	179	228
137	178	227
135	176	225
132	173	222
128	171	220
121	166	217
125	170	221
128	174	222
128	174	222
132	175	224
133	176	225
130	172	219
125	165	213
122	162	210
128	166	214
132	171	216
137	173	219
138	174	220
137	173	219
139	174	218
138	175	219
136	176	224
138	180	227
141	181	229
140	182	229
139	179	227
62	116	176
61	118	174
63	117	177
62	119	175
62	116	176
61	116	173
60	114	174
61	114	171
60	112	172
61	114	171
61	113	173
62	112	170
61	111	171
60	110	168
60	110	170
63	110	171
61	108	169
62	109	171
64	108	171
62	109	170
62	109	171
60	110	170
59	109	169
58	108	166
55	105	163
53	106	163
53	106	163
53	107	162
52	106	161
50	106	161
52	106	161
51	105	158
53	108	159
52	108	157
50	105	156
49	105	154
49	104	155
50	106	155
52	107	158
54	110	159
58	113	164
57	113	162
55	110	161
54	110	159
51	106	157
49	105	154
48	103	154
49	102	152
52	104	151
50	105	150
50	105	150
49	106	151
53	108	153
57	107	153
61	106	150
66	102	148
64	87	135
73	88	137
83	90	139
87	91	140
88	92	141
89	93	142
91	97	144
91	98	147
93	97	148
94	98	151
95	99	152
97	101	154
98	102	155
100	104	157
101	105	158
102	106	159
100	104	157
101	105	158
102	106	159
104	108	161
105	109	162
105	109	162
105	109	162
105	109	162
107	110	165
108	111	166
110	113	168
111	114	169
113	116	171
114	117	172
114	117	172
114	117	172
115	118	173
115	118	173
115	118	173
115	118	173
116	119	174
117	120	175
118	121	176
119	122	177
116	118	172
117	119	173
117	119	173
117	119	173
117	119	173
117	119	173
118	120	174
118	120	174
119	121	175
119	121	175
120	122	176
120	122	176
120	122	176
120	122	176
119	121	175
110	122	176
117	151	204
109	153	206
110	154	207
113	157	210
119	161	214
121	163	216
123	163	216
122	162	215
119	157	211
117	155	209
117	153	207
118	154	208
123	157	211
127	161	215
129	163	217
130	164	218
129	166	218
129	168	220
131	170	222
131	170	222
130	169	221
129	168	220
130	169	221
131	170	222
134	173	225
132	171	223
130	169	221
131	170	222
133	172	224
136	175	227
137	176	228
137	177	226
137	179	226
137	179	226
137	179	226
137	178	227
137	178	227
136	176	228
136	176	229
136	176	229
137	177	230
137	177	229
137	177	229
136	177	226
134	175	224
131	173	220
128	170	217
126	168	215
123	166	215
129	172	223
134	177	226
133	176	225
134	175	224
135	176	225
135	175	223
131	171	219
133	171	219
138	174	222
141	177	223
144	178	224
144	178	224
144	178	224
146	179	224
146	181	225
140	178	226
140	180	228
143	181	229
140	180	228
140	178	226
56	110	165
54	110	165
57	111	166
55	111	166
56	110	165
56	110	165
56	110	165
56	110	165
53	104	160
55	106	162
58	109	165
56	107	163
55	104	160
54	103	159
56	105	161
61	107	165
58	104	162
59	105	163
62	106	167
62	108	166
62	108	166
59	107	165
58	106	164
57	106	162
57	106	162
54	106	159
54	106	159
51	105	158
53	105	158
50	105	156
52	104	157
52	105	156
58	109	159
56	108	155
54	105	155
51	103	150
50	101	151
49	101	148
49	100	150
49	101	148
51	102	152
51	103	150
51	102	152
52	104	151
52	103	153
52	104	151
53	104	154
55	104	152
52	101	147
52	101	147
52	102	148
51	103	149
54	104	150
55	104	150
60	102	147
66	100	146
64	86	134
73	87	136
82	89	138
87	91	140
88	92	141
88	93	142
89	97	144
91	98	147
94	98	149
95	99	152
96	100	153
97	101	154
98	102	155
99	103	156
100	104	157
100	104	157
99	103	156
99	103	156
101	105	158
102	106	159
102	106	159
102	106	159
102	106	159
102	106	159
104	107	162
105	108	163
107	110	165
110	113	168
112	115	170
113	116	171
113	116	171
114	117	172
114	117	172
114	117	172
114	117	172
114	117	172
115	118	173
116	119	174
118	121	176
118	121	176
114	116	170
115	117	171
115	117	171
116	118	172
116	118	172
117	119	173
117	119	173
118	120	174
117	119	173
117	119	173
118	120	174
119	121	175
119	121	175
118	120	174
117	119	173
108	120	174
118	152	205
108	152	205
108	152	205
113	157	210
121	163	216
125	167	220
126	166	219
124	164	217
121	159	213
118	156	210
116	152	206
118	154	208
125	159	213
129	163	217
133	164	219
131	165	219
128	165	217
128	167	219
130	169	221
131	170	222
131	170	222
130	169	221
130	169	221
129	168	220
131	170	222
130	169	221
129	168	220
128	167	219
129	168	220
130	169	221
132	171	223
132	172	221
139	181	228
134	176	221
132	174	221
135	177	224
137	177	229
136	176	228
136	176	229
137	177	230
136	176	229
136	176	229
135	175	227
133	174	223
131	172	221
129	171	218
127	169	214
126	168	215
126	167	216
132	175	226
139	180	229
137	178	227
135	176	225
137	177	226
138	178	226
139	177	225
143	179	227
147	180	229
148	182	228
149	182	228
148	181	227
148	181	227
152	183	228
152	185	230
144	180	228
143	181	229
146	182	230
142	180	228
141	177	225
45	97	150
42	96	149
43	95	148
40	94	147
41	93	146
40	92	145
39	91	144
39	91	144
38	88	141
41	91	144
44	94	147
44	94	147
44	91	145
43	90	144
46	93	147
50	96	150
42	87	144
43	88	145
47	89	148
46	91	148
46	91	148
45	92	148
43	90	146
43	90	144
40	87	141
39	89	141
39	89	141
37	90	141
39	89	141
37	90	140
39	89	141
39	90	140
47	96	144
48	97	143
48	96	144
47	96	142
46	94	142
43	92	138
41	89	137
39	88	134
39	87	135
40	89	135
41	89	137
42	91	137
44	92	140
45	94	140
46	94	142
49	95	142
50	92	139
51	93	140
49	95	142
49	95	142
47	96	142
51	95	142
56	95	140
63	93	140
64	86	134
73	87	136
82	89	138
86	90	139
86	91	140
87	92	141
88	96	143
90	97	146
94	98	149
95	99	152
95	99	152
96	100	153
97	101	154
98	102	155
99	103	156
99	103	156
99	103	156
100	104	157
100	104	157
101	105	158
101	105	158
101	105	158
100	104	157
100	104	157
103	106	161
104	107	162
106	109	164
108	111	166
110	113	168
111	114	169
112	115	170
112	115	170
113	116	171
113	116	171
113	116	171
113	116	171
114	117	172
115	118	173
117	120	175
117	120	175
114	116	170
114	116	170
115	117	171
115	117	171
116	118	172
117	119	173
117	119	173
117	119	173
115	117	171
116	118	172
117	119	173
117	119	173
117	119	173
117	119	173
116	118	172
106	118	172
117	151	204
105	152	204
108	152	205
113	157	210
121	163	216
125	167	220
127	167	220
125	165	218
123	161	215
122	158	212
121	155	209
122	156	210
129	160	215
133	164	219
135	165	220
133	164	219
128	165	217
127	166	218
128	167	219
130	169	221
131	170	222
130	169	221
129	168	220
128	167	219
130	169	221
130	169	221
130	169	221
130	169	221
129	168	220
128	167	219
129	168	220
129	169	218
139	181	228
130	172	217
125	167	214
130	172	219
135	175	227
135	175	227
134	174	227
135	174	229
132	171	226
132	172	225
131	171	223
130	171	220
129	170	219
129	171	218
129	171	216
129	171	218
130	171	220
137	177	229
141	181	230
139	179	228
137	177	226
141	178	228
145	181	229
147	180	229
146	179	228
147	179	228
148	181	227
149	179	226
148	178	225
149	179	226
153	182	227
153	184	229
148	181	230
147	183	231
149	182	231
145	181	229
143	176	225
44	97	148
43	96	147
40	93	144
36	89	140
33	86	137
33	83	135
32	82	134
31	81	133
35	85	137
38	86	138
40	88	140
41	89	141
41	89	141
42	89	141
44	91	143
46	93	145
43	87	141
43	87	141
44	87	144
44	88	142
44	88	142
42	88	142
41	87	141
40	87	139
36	83	135
35	84	134
35	84	134
34	85	135
35	86	136
35	87	134
36	87	137
38	87	135
41	87	134
45	89	136
47	91	138
48	92	139
48	92	139
47	91	138
45	89	136
44	88	135
43	87	134
43	87	134
43	87	134
43	87	134
44	88	135
44	88	135
44	88	135
46	88	135
53	91	139
55	93	141
55	95	143
52	96	143
51	95	142
53	95	142
58	94	140
66	94	141
67	87	135
76	87	137
85	90	139
86	90	139
85	90	139
84	91	140
85	95	142
87	97	145
92	99	149
94	98	151
95	99	152
96	100	153
97	101	154
98	102	155
99	103	156
99	103	156
101	105	158
101	105	158
102	106	159
102	106	159
102	106	159
101	105	158
100	104	157
99	103	156
102	105	160
103	106	161
105	108	163
107	110	165
108	111	166
109	112	167
110	113	168
110	113	168
113	116	171
112	115	170
112	115	170
113	116	171
113	116	171
115	118	173
116	119	174
117	120	175
115	117	171
115	117	171
116	118	172
116	118	172
116	118	172
116	118	172
116	118	172
117	119	173
114	116	170
114	116	170
115	117	171
115	117	171
115	117	171
115	117	171
114	116	170
104	118	171
116	150	203
105	152	204
109	153	206
113	157	210
119	161	214
122	164	217
124	164	217
123	163	216
124	160	214
123	159	213
125	159	213
126	160	214
130	161	216
132	163	218
134	164	219
132	163	218
129	166	218
126	165	217
126	165	217
127	166	218
129	168	220
130	169	221
128	167	219
126	165	217
131	170	222
133	172	224
135	174	226
135	174	226
132	171	223
130	169	221
128	167	219
128	168	217
138	180	227
125	167	212
118	160	207
125	167	214
132	172	224
132	172	224
131	170	225
134	173	228
128	167	222
127	167	220
127	167	220
126	167	216
127	168	217
129	171	218
131	173	218
133	175	222
135	175	224
140	179	231
141	181	230
140	177	227
139	176	226
145	180	230
148	181	230
147	180	229
148	180	229
149	181	230
152	182	229
152	182	229
153	181	228
153	181	228
156	185	230
158	187	232
151	183	232
150	183	232
151	183	232
147	180	229
145	177	226
50	101	151
48	99	149
46	97	147
43	94	144
41	92	142
42	91	141
42	91	141
42	91	141
45	94	144
45	92	143
45	92	143
46	93	144
47	94	145
50	95	146
50	95	146
49	93	146
54	96	149
53	95	148
52	93	148
51	93	146
50	92	145
48	92	145
48	92	145
46	93	144
44	91	142
44	92	140
44	92	140
43	92	140
44	93	141
44	94	140
44	93	141
46	95	141
46	90	137
48	90	135
49	91	136
50	92	137
50	92	137
51	93	138
51	93	138
51	93	138
51	93	138
51	93	138
50	92	137
49	91	136
49	91	136
48	90	135
47	89	134
48	89	134
56	92	140
58	94	142
59	97	145
57	97	145
55	95	143
56	94	142
61	95	141
70	96	143
71	88	137
77	88	138
85	90	139
86	90	139
85	90	139
83	90	139
83	93	140
85	95	143
91	98	148
93	97	150
94	98	151
95	99	152
97	101	154
98	102	155
99	103	156
100	104	157
103	107	160
103	107	160
103	107	160
103	107	160
103	107	160
102	106	159
101	105	158
100	104	157
102	105	160
103	106	161
104	107	162
106	109	164
107	110	165
107	110	165
107	110	165
107	110	165
112	115	170
112	115	170
112	115	170
112	115	170
113	116	171
114	117	172
115	118	173
116	119	174
117	119	173
117	119	173
117	119	173
117	119	173
116	118	172
116	118	172
116	118	172
116	118	172
113	115	169
113	115	169
114	116	170
114	116	170
114	116	170
114	116	170
113	115	169
103	117	170
114	148	201
106	153	205
111	155	208
113	157	210
115	157	210
116	158	211
120	160	213
121	161	214
122	158	212
124	160	214
128	162	216
131	162	217
131	161	216
130	160	215
132	159	215
131	161	216
129	166	218
125	164	216
123	162	214
124	163	215
126	165	217
128	167	219
127	166	218
126	165	217
130	169	221
134	173	225
138	177	229
138	177	229
134	173	225
129	168	220
127	166	218
126	166	215
137	179	224
121	163	208
113	155	202
122	164	211
131	171	223
131	171	223
130	169	224
133	172	227
126	165	220
125	165	218
124	164	217
124	165	214
126	167	216
129	171	218
132	174	219
134	176	221
140	180	229
143	180	232
142	179	229
141	176	226
142	177	227
148	181	231
148	181	230
146	178	227
151	181	230
152	182	231
156	184	231
157	185	232
158	184	231
159	185	232
160	186	232
162	188	234
154	184	233
152	184	233
154	184	233
149	181	230
149	179	228
44	97	148
44	97	147
43	96	147
43	96	146
45	95	147
47	98	148
51	100	150
52	101	151
51	98	149
48	95	146
45	92	143
48	93	144
51	96	147
54	97	148
52	95	146
49	92	143
51	96	147
49	94	145
47	92	143
45	90	141
44	89	140
44	89	140
45	90	141
45	91	139
45	93	141
45	93	141
45	93	141
45	93	141
45	94	140
44	93	139
44	93	139
44	93	139
49	93	140
50	92	137
47	89	136
46	88	133
45	87	134
46	88	133
47	89	136
48	90	135
50	92	139
50	92	137
49	91	138
49	91	136
49	89	137
48	90	135
49	89	137
49	90	135
49	85	131
53	89	135
54	93	138
51	92	137
51	90	135
52	88	134
56	89	135
65	91	137
72	89	138
78	90	138
84	91	140
86	91	140
84	89	138
84	89	138
84	92	139
85	92	141
92	96	147
92	96	149
94	98	151
95	99	152
97	101	154
98	102	155
100	104	157
100	104	157
104	108	161
104	108	161
105	109	162
104	108	161
104	108	161
103	107	160
101	105	158
101	105	158
103	106	161
103	106	161
102	107	162
103	108	163
104	109	164
104	108	166
102	109	166
102	109	166
108	115	172
107	114	171
107	114	171
108	115	172
109	116	173
112	116	174
113	117	175
114	119	174
116	121	176
115	120	175
117	120	175
114	119	174
116	119	174
113	118	173
115	118	173
112	117	172
111	114	169
110	115	170
112	115	170
111	116	171
113	116	171
110	115	170
112	115	170
102	115	171
113	147	201
108	152	206
114	155	210
114	155	210
113	154	209
114	153	208
117	156	211
121	158	214
117	154	210
123	158	214
130	163	219
130	163	219
129	159	216
126	156	213
127	156	213
128	159	214
129	165	219
123	163	216
121	159	213
121	161	214
125	163	217
126	166	219
127	165	219
125	165	218
127	165	219
131	171	224
137	175	229
137	177	230
133	171	225
126	166	219
123	161	215
121	161	213
138	180	227
120	162	207
111	153	200
120	161	210
131	171	223
131	171	223
130	170	223
133	173	226
126	165	220
125	165	218
123	163	215
123	163	215
124	165	214
128	170	217
132	174	219
134	176	223
143	183	232
144	181	233
141	178	228
140	175	225
142	177	227
147	182	232
148	181	231
143	176	225
143	174	225
146	178	227
149	181	230
152	182	231
152	182	231
152	182	231
155	183	230
154	184	231
153	184	235
152	185	235
152	183	234
149	182	232
147	178	229
40	98	150
38	97	147
39	96	148
43	100	151
46	100	153
46	99	150
49	99	151
55	103	155
50	97	149
50	97	149
52	97	148
54	97	148
55	95	147
54	94	146
53	94	143
51	94	143
50	96	144
48	96	144
48	96	144
47	95	143
47	95	143
46	94	142
46	94	142
45	94	140
50	96	143
50	96	143
50	96	143
49	95	142
48	94	141
47	93	140
45	91	138
44	90	137
42	88	135
42	91	137
44	92	140
45	94	140
48	94	142
47	93	140
46	92	140
46	92	139
46	89	138
47	91	138
47	90	139
48	92	139
50	91	140
47	91	138
48	89	138
48	90	137
47	90	133
48	91	134
48	91	134
48	90	133
48	87	131
52	87	131
56	87	132
63	88	132
67	87	134
74	89	135
80	90	137
82	90	137
83	89	136
84	88	136
84	88	136
85	89	138
91	94	145
91	93	147
92	94	148
93	95	149
94	96	150
95	97	151
95	97	151
96	98	152
100	102	156
102	104	158
103	105	159
102	104	158
99	101	155
96	98	152
95	97	151
94	98	151
104	108	161
100	106	159
98	105	160
97	107	161
96	105	162
101	112	170
97	108	168
102	113	173
98	109	169
98	109	169
98	109	169
99	110	170
101	113	171
104	115	173
106	117	175
107	118	176
108	119	177
107	118	176
109	117	176
107	118	176
108	116	175
105	116	174
107	115	174
105	116	174
102	110	169
100	111	169
102	110	169
101	112	170
103	111	170
101	112	170
104	112	171
97	113	172
117	147	206
110	148	206
112	150	208
113	151	209
115	153	211
118	155	213
119	156	214
119	156	214
117	154	212
117	154	212
120	154	213
121	155	214
123	157	216
124	158	217
125	159	218
125	159	218
122	160	218
119	160	215
120	159	214
119	160	215
124	163	218
123	164	219
124	163	218
121	162	217
127	166	221
128	169	224
132	171	226
130	171	226
129	168	223
123	164	219
123	162	217
121	163	216
143	186	237
125	168	217
109	152	201
111	154	205
128	171	222
140	183	234
137	180	231
129	172	223
126	168	221
123	166	217
120	163	214
118	161	212
120	163	214
126	169	218
133	176	225
140	181	230
140	179	231
140	179	231
139	178	230
140	177	229
140	177	229
140	177	229
140	177	229
141	178	228
143	180	232
142	179	229
140	177	227
141	176	226
141	176	226
142	177	227
143	178	228
144	179	229
147	183	237
147	185	239
150	186	240
146	184	238
144	180	234
39	99	151
35	95	147
34	92	144
35	93	145
36	93	145
36	90	143
39	92	143
45	95	147
50	98	150
51	98	150
53	98	149
55	98	149
57	97	149
57	96	148
56	96	145
54	95	144
49	98	144
47	97	143
47	97	143
47	97	143
47	96	142
47	96	142
46	95	141
46	95	141
48	94	141
48	94	141
48	94	141
47	93	140
49	93	140
48	92	139
47	91	138
44	90	137
41	89	137
41	90	138
43	92	140
45	93	141
46	94	142
46	94	142
47	95	143
48	94	142
45	91	139
46	92	140
48	91	140
49	92	141
49	92	141
48	91	140
47	90	139
47	91	138
44	89	132
47	93	134
51	95	136
52	94	136
52	92	134
55	90	133
58	90	133
63	90	134
67	88	133
71	90	135
76	91	137
80	90	137
81	89	136
83	89	136
86	88	136
85	89	138
88	91	142
87	91	144
88	92	145
89	93	146
90	94	147
91	95	148
92	96	149
93	97	150
94	98	151
96	100	153
97	101	154
97	101	154
95	99	152
94	98	151
94	98	151
93	99	152
88	96	149
87	98	150
98	110	164
98	111	167
92	106	164
91	107	166
82	100	161
83	102	163
93	112	173
93	112	173
93	112	173
94	113	174
96	114	175
97	115	174
101	117	176
102	118	177
101	117	176
101	117	176
101	116	178
101	117	176
100	115	177
100	116	175
99	114	176
99	115	174
97	112	174
97	113	172
97	112	174
98	114	173
98	113	175
98	114	173
99	114	176
96	115	176
115	146	207
110	147	207
112	148	208
112	149	209
114	150	210
114	151	211
116	152	212
116	153	213
122	158	218
121	158	218
123	159	219
122	159	219
124	160	220
124	161	221
125	161	221
125	162	222
121	161	220
120	160	218
118	158	217
119	159	217
120	160	219
121	161	219
119	159	218
118	158	216
122	162	221
124	164	222
126	166	225
126	166	224
125	165	224
123	163	221
123	163	222
124	164	222
136	177	232
125	167	220
116	157	212
117	159	212
126	167	222
134	176	229
134	175	230
130	172	225
128	169	224
125	167	220
122	163	218
120	162	215
121	162	217
125	167	220
130	171	226
133	175	228
141	180	235
141	179	233
140	177	233
139	177	231
139	176	232
139	177	231
140	177	233
140	178	232
142	179	235
141	179	233
140	177	233
139	177	231
138	175	231
139	177	231
140	177	233
139	178	233
142	181	236
144	183	238
145	183	241
143	182	237
140	178	236
44	104	158
39	99	153
38	95	150
38	95	150
38	95	147
38	92	145
42	95	146
49	99	151
51	99	151
52	99	151
54	99	150
57	100	151
58	98	150
57	97	149
58	97	149
56	97	146
49	98	144
48	98	144
48	98	144
47	97	143
48	97	143
48	97	143
48	97	143
47	96	142
48	94	141
48	94	141
48	94	141
48	94	141
50	94	141
50	94	141
50	94	141
48	94	141
44	92	140
44	92	140
44	92	140
47	93	141
48	94	142
49	95	143
50	96	144
53	96	145
48	91	140
49	92	141
51	92	141
52	93	142
52	93	142
52	93	142
51	92	141
49	93	140
46	91	135
49	94	137
53	96	139
55	97	140
56	95	139
58	93	137
61	92	137
63	92	137
65	88	134
69	89	136
75	91	138
76	90	138
77	89	137
79	89	137
83	88	137
82	89	138
84	91	141
82	90	143
83	91	144
84	92	145
86	94	147
87	95	148
88	96	149
88	96	149
89	97	150
90	98	151
92	100	153
92	100	153
91	99	152
92	100	153
95	103	156
95	106	158
96	112	165
103	121	174
146	166	221
157	178	233
161	183	241
165	189	249
162	188	248
166	191	253
158	186	247
158	186	247
160	185	247
160	186	246
162	186	246
163	187	245
166	188	246
167	189	247
166	187	248
166	187	248
166	187	249
165	186	247
165	186	248
165	186	247
165	186	248
164	185	246
165	186	248
165	186	247
166	187	249
166	187	248
166	187	249
167	188	249
167	188	250
163	188	250
156	190	250
151	190	252
153	190	252
152	191	253
154	191	253
153	192	254
155	192	254
153	192	254
149	186	248
147	186	248
149	186	248
147	186	248
149	186	248
147	186	248
149	186	248
147	186	248
147	186	248
145	185	244
143	182	244
143	183	242
144	183	245
143	183	242
142	181	243
140	180	239
140	179	241
142	182	241
144	183	245
145	185	244
144	183	245
145	185	244
146	185	247
148	188	247
148	187	249
147	187	246
145	184	246
145	185	244
147	186	248
150	190	249
151	190	252
152	192	251
150	189	251
149	189	248
146	185	247
144	184	243
144	183	245
145	185	244
147	186	248
148	188	247
149	186	248
148	185	245
147	184	246
146	183	243
145	182	244
145	182	242
146	183	245
146	183	243
143	180	242
142	179	239
141	178	240
140	177	237
140	177	239
140	177	237
140	177	239
140	177	237
141	178	238
140	180	238
141	181	240
140	180	238
137	177	236
44	104	158
40	100	154
41	98	153
44	101	156
45	102	154
43	100	152
48	100	153
54	104	156
50	98	150
51	98	150
54	99	150
54	99	150
56	99	150
58	98	150
58	97	149
56	97	146
50	98	146
49	99	145
49	99	145
48	98	144
49	98	144
49	98	144
49	98	144
49	98	144
52	98	145
52	98	145
51	97	144
51	97	144
53	97	144
54	98	145
55	99	146
55	99	146
51	97	145
50	96	144
49	95	143
47	93	141
47	93	141
50	93	142
51	94	143
52	95	144
49	92	141
52	93	142
53	94	143
53	94	143
54	95	144
53	94	143
54	94	143
53	95	142
54	96	141
53	98	141
55	98	141
54	96	139
54	93	137
55	92	136
58	91	136
62	93	138
62	88	134
67	90	136
71	91	138
73	91	138
74	90	137
75	89	137
77	89	137
78	90	138
78	91	143
78	92	144
80	93	145
80	94	146
82	95	147
82	96	148
84	97	149
84	98	150
87	100	152
87	101	153
89	102	154
88	102	154
89	102	154
89	103	155
94	107	159
94	111	162
83	105	157
88	114	168
151	179	233
157	187	242
157	185	245
155	186	247
153	184	245
152	185	248
154	189	252
153	188	251
155	188	251
154	188	248
156	187	248
156	188	247
159	189	248
159	189	248
160	189	250
160	189	250
160	188	252
160	189	250
160	188	252
160	189	250
160	188	252
159	188	249
161	189	253
161	190	251
162	190	254
162	191	252
163	191	255
163	192	253
163	191	255
161	192	255
151	188	250
149	188	250
149	187	251
148	187	249
148	186	250
147	186	248
147	185	249
147	186	248
152	190	254
152	191	253
152	190	254
151	190	252
151	189	253
150	189	251
150	188	252
150	189	251
151	189	253
150	189	251
148	186	250
148	187	249
149	187	251
149	188	250
148	186	250
146	185	247
143	181	245
144	183	245
146	184	248
145	184	246
145	183	247
146	185	247
149	187	251
151	189	253
145	183	248
147	185	250
150	188	253
150	188	253
150	188	253
149	187	252
150	188	253
150	188	253
150	188	253
149	187	252
148	186	251
148	186	251
147	185	250
147	185	250
147	185	250
147	185	250
150	188	253
149	187	252
150	185	251
147	185	250
148	183	249
146	184	249
148	183	249
147	185	250
145	180	246
142	180	245
143	178	244
141	179	244
142	177	243
139	177	242
141	176	242
139	177	242
139	178	240
138	180	239
138	179	241
137	179	238
136	177	239
38	98	152
37	97	151
41	98	153
45	102	157
46	102	157
41	98	150
42	94	147
46	96	149
48	96	148
50	97	149
53	97	150
53	97	150
55	98	149
55	98	149
56	96	148
54	97	146
50	98	146
49	99	145
49	99	145
50	100	146
51	100	146
51	100	146
51	100	146
51	100	146
53	99	146
53	99	146
52	98	145
51	97	144
54	98	145
55	99	146
56	100	147
56	100	147
57	100	149
56	99	148
53	96	145
51	94	143
49	92	141
50	91	140
50	91	140
51	92	141
51	92	141
53	93	142
54	94	143
55	95	144
56	96	145
56	96	145
57	94	144
55	95	143
59	101	146
58	101	144
56	98	141
52	94	137
50	89	133
51	88	132
56	91	135
59	92	137
58	89	134
64	90	136
68	92	138
69	92	138
68	91	137
70	90	137
70	90	137
71	91	138
72	91	142
70	91	142
73	92	143
72	93	144
74	93	144
73	94	145
76	95	146
74	95	146
79	98	149
77	98	149
80	99	150
77	98	149
78	97	148
77	98	149
82	101	152
82	104	156
79	110	163
79	113	167
157	192	248
155	192	250
151	187	247
145	184	246
142	181	243
140	181	244
144	187	250
144	187	250
145	186	249
144	185	247
146	185	247
146	186	245
148	185	245
149	186	246
151	188	250
151	188	250
151	187	251
152	189	251
152	188	252
152	189	251
152	188	252
152	189	251
153	189	253
153	190	252
153	189	253
153	190	252
154	190	254
154	191	253
155	191	255
155	191	255
156	194	255
153	194	255
153	193	255
152	193	255
151	191	255
150	191	254
150	190	255
149	190	253
148	188	253
147	188	251
147	187	252
146	187	250
145	185	250
145	186	249
144	184	249
144	185	248
146	184	249
145	183	247
144	182	247
145	183	247
147	185	250
148	186	250
147	185	250
146	184	248
143	181	246
144	182	246
145	183	248
144	182	246
142	180	245
142	180	244
144	182	247
146	184	249
141	180	249
141	179	251
143	181	253
145	183	255
146	184	255
145	183	255
143	181	253
140	178	250
141	179	251
142	180	252
142	180	252
143	181	253
143	181	253
143	181	253
142	180	252
142	180	252
144	182	254
143	181	253
144	179	252
141	179	251
142	177	250
139	177	249
141	176	249
139	177	249
144	179	252
142	180	252
143	178	251
141	179	251
142	177	250
139	177	249
140	175	248
137	176	245
137	179	244
136	180	241
135	178	241
135	179	240
136	179	242
41	101	155
40	100	154
44	101	156
48	105	160
47	103	158
39	95	150
37	89	142
36	88	141
46	96	148
48	96	148
50	97	149
53	97	150
55	98	149
55	98	149
55	98	149
54	97	148
51	99	147
50	100	146
50	100	146
51	101	147
52	101	147
52	101	147
52	101	147
53	102	148
53	99	146
52	98	145
50	96	143
49	95	142
51	95	142
52	96	143
53	97	144
54	98	145
57	100	149
56	99	148
54	97	146
51	94	143
51	92	141
50	91	140
49	90	139
48	89	138
52	92	141
53	93	142
54	94	143
57	94	144
58	95	145
58	95	145
58	95	145
58	96	144
60	101	146
58	101	144
56	98	141
51	93	136
49	88	132
48	87	131
53	90	134
57	92	136
56	89	134
58	91	136
62	93	138
64	93	138
63	92	137
65	91	137
65	91	137
66	92	139
64	89	139
62	89	139
64	89	139
62	89	139
64	89	139
62	89	139
64	89	139
62	89	139
63	88	138
62	89	139
65	90	140
62	89	139
63	88	138
61	88	138
64	89	139
62	91	142
53	89	143
47	86	141
146	184	242
144	184	243
144	185	247
144	187	250
148	192	255
146	192	255
140	186	250
139	185	249
139	185	249
140	184	247
140	184	247
141	185	246
142	186	247
142	186	247
147	188	251
145	188	251
148	188	253
146	189	252
148	188	253
147	190	253
149	189	254
147	190	253
148	188	253
146	189	252
148	188	253
147	190	253
149	189	254
148	191	254
150	190	255
150	190	255
148	188	253
148	188	253
147	187	252
146	186	251
145	185	250
144	184	249
144	184	249
143	183	248
152	192	255
152	192	255
152	192	255
151	191	255
151	191	255
150	190	255
150	190	255
149	189	254
148	186	251
147	185	250
147	184	252
148	186	251
150	187	255
152	190	255
151	188	255
150	188	253
151	188	255
152	190	255
153	190	255
152	190	255
150	187	255
148	186	251
149	186	254
150	187	255
150	188	255
148	185	255
147	184	255
149	186	255
152	189	255
152	189	255
148	185	255
144	181	255
146	183	255
146	183	255
148	185	255
149	186	255
149	186	255
150	187	255
149	186	255
149	186	255
145	182	255
142	181	255
143	180	254
139	178	252
140	177	251
137	176	250
139	176	250
137	176	250
142	179	253
140	179	253
142	179	253
140	179	253
141	178	252
137	176	250
137	174	248
134	174	246
136	179	246
135	179	242
133	177	241
134	178	241
135	179	243
48	105	161
46	103	159
48	105	161
50	107	163
49	105	160
41	97	152
40	92	145
40	92	145
47	97	150
49	96	150
51	98	150
52	99	151
55	99	152
55	99	152
54	98	151
54	99	150
51	99	147
51	100	148
51	100	148
51	100	148
53	101	149
53	101	149
54	102	150
54	102	150
54	100	148
52	98	146
50	96	144
48	94	142
50	93	142
50	93	142
52	95	144
53	96	145
55	96	145
55	96	145
55	96	145
54	95	144
53	93	142
52	92	141
50	90	139
49	89	138
53	90	140
54	91	141
55	92	142
59	94	144
60	95	145
60	95	145
60	95	145
58	96	144
55	96	141
56	97	142
56	97	142
55	96	141
52	93	138
52	91	136
52	91	136
55	91	137
53	89	135
55	91	137
59	93	139
59	93	139
58	92	138
59	92	138
59	92	138
60	93	139
57	89	138
56	89	138
56	88	137
55	88	137
55	87	136
53	86	135
53	85	134
52	85	134
50	82	131
51	84	133
54	86	135
54	87	136
53	85	134
52	85	134
54	86	135
52	87	137
55	93	147
42	82	140
149	189	247
140	182	241
138	182	243
137	181	244
137	183	247
131	179	245
140	188	254
140	188	254
139	187	253
141	187	251
141	187	251
144	188	251
144	188	251
145	189	252
148	190	255
147	191	255
149	191	255
148	192	255
150	192	255
149	193	255
150	192	255
150	194	255
149	191	255
148	192	255
149	191	255
149	193	255
150	192	255
149	193	255
151	193	255
151	193	255
151	193	255
151	193	255
151	193	255
150	192	255
149	191	255
149	191	255
148	190	255
148	190	255
144	186	253
144	186	253
144	186	253
144	186	253
143	185	252
143	185	252
143	185	252
145	184	252
144	181	249
143	180	248
142	178	248
143	180	248
144	180	250
145	182	250
144	180	250
143	180	248
143	179	249
146	183	251
148	184	254
147	184	252
145	181	251
144	181	249
143	179	249
144	180	250
146	184	255
145	182	255
144	181	255
143	180	254
143	180	254
143	180	254
143	180	254
142	179	253
142	179	253
143	180	254
143	180	254
144	181	255
144	181	255
144	181	255
144	181	255
144	181	255
147	186	255
145	186	255
145	184	255
142	183	255
142	181	255
140	181	254
141	180	254
140	181	254
140	179	253
139	180	253
141	180	254
139	180	253
139	178	252
136	177	250
135	174	248
133	175	246
135	178	245
131	177	241
129	174	241
130	176	240
133	178	245
46	103	159
43	100	156
44	101	157
47	104	160
47	103	158
42	98	153
41	95	150
45	97	150
48	98	151
49	99	152
52	99	153
54	101	153
54	101	153
54	101	153
56	100	153
54	101	152
51	100	150
51	100	148
51	100	148
52	101	149
53	101	149
54	102	150
54	102	150
55	103	151
57	103	151
55	101	149
53	99	147
50	96	144
51	94	143
52	95	144
53	96	145
54	97	146
51	92	141
52	93	142
53	94	143
54	95	144
55	95	144
53	93	142
52	92	141
51	91	140
53	90	140
54	91	141
57	92	142
58	93	143
59	94	144
60	95	145
60	95	145
58	96	144
51	89	137
53	94	139
57	98	143
59	100	145
57	98	143
54	95	140
52	93	138
51	92	137
51	90	135
53	92	137
55	94	139
55	94	139
54	93	138
54	93	138
54	93	138
55	94	139
54	92	140
54	92	140
53	91	139
51	89	137
50	88	136
49	87	135
48	86	134
47	85	133
45	83	131
48	86	134
51	89	137
52	90	138
52	90	138
51	89	137
52	90	138
53	90	140
52	91	146
37	77	135
150	190	249
141	182	244
141	184	247
140	184	248
139	184	251
131	179	245
138	185	253
138	185	253
139	184	251
139	184	251
142	185	252
143	187	251
145	187	252
145	187	252
146	188	255
145	188	255
147	189	255
146	189	255
148	190	255
147	190	255
149	191	255
148	191	255
147	189	255
146	189	255
148	190	255
147	190	255
148	190	255
148	191	255
149	191	255
149	191	255
148	190	255
148	190	255
147	189	255
147	189	255
146	188	255
146	188	255
145	187	254
145	187	254
148	190	255
148	190	255
148	190	255
148	190	255
148	190	255
148	190	255
148	190	255
148	190	255
152	188	255
150	186	255
149	185	255
149	185	255
150	186	255
150	186	255
148	184	254
146	182	252
144	180	250
147	183	253
151	187	255
152	188	255
150	186	255
148	184	254
147	183	253
147	183	253
150	188	255
151	189	255
151	189	255
148	186	255
145	183	255
144	182	254
147	185	255
150	188	255
149	187	255
149	187	255
149	187	255
148	186	255
148	186	255
148	186	255
148	186	255
146	186	255
145	187	255
144	186	255
142	184	255
141	183	254
139	181	252
138	180	251
138	180	251
138	180	251
139	181	252
139	181	252
140	182	253
139	181	252
138	180	251
136	178	249
133	175	246
130	175	243
132	177	245
129	174	241
127	172	239
129	174	241
131	176	243
44	101	157
44	101	157
45	100	157
45	100	157
45	100	157
44	100	155
44	98	153
44	98	153
49	100	156
51	101	154
51	101	154
54	101	155
54	102	154
55	103	155
56	103	155
56	105	155
51	100	150
51	100	148
51	100	148
51	100	148
52	100	148
53	101	149
54	102	150
55	103	151
55	101	149
55	101	149
54	100	148
53	99	147
53	96	145
52	95	144
51	94	143
50	93	142
56	97	146
55	96	145
55	96	145
55	96	145
56	96	145
57	97	146
58	98	147
59	99	148
62	99	149
61	98	148
59	94	144
55	90	140
51	86	136
51	86	136
54	89	139
55	93	141
49	87	135
52	93	138
58	99	144
59	100	145
57	98	143
54	95	140
53	94	139
52	94	139
48	89	134
49	90	135
50	91	136
51	92	137
51	93	138
51	93	138
51	93	138
51	93	138
54	94	142
54	94	142
53	93	141
52	92	140
51	91	139
49	89	137
48	88	136
47	87	135
47	87	135
46	86	134
45	85	133
45	85	133
46	86	134
47	87	135
49	89	137
50	90	139
50	87	143
46	82	142
147	182	245
141	178	240
142	183	246
138	180	245
142	184	251
141	183	252
142	184	253
139	184	252
140	182	251
139	182	249
141	183	250
143	185	250
148	188	253
149	189	254
150	189	255
148	190	255
150	189	255
149	191	255
151	190	255
150	192	255
152	191	255
150	192	255
151	190	255
149	191	255
151	190	255
149	191	255
151	190	255
149	191	255
151	190	255
149	191	255
148	190	255
149	191	255
149	191	255
150	192	255
150	192	255
149	191	255
149	191	255
148	190	255
149	191	255
149	191	255
149	191	255
148	190	255
148	190	255
147	189	255
147	189	255
147	189	255
152	188	255
151	187	255
151	187	255
150	186	255
148	184	254
147	183	253
147	183	253
146	182	252
147	183	253
148	184	254
148	184	254
149	185	255
149	185	255
148	184	254
148	184	254
147	183	253
148	187	255
146	188	255
145	187	254
145	187	254
145	187	254
146	188	255
147	189	255
147	189	255
150	192	255
150	192	255
150	192	255
149	191	255
149	191	255
149	191	255
148	190	255
148	190	255
144	187	254
141	186	253
140	185	252
139	184	251
138	183	250
137	182	249
137	182	249
137	182	249
137	182	249
137	182	249
135	180	247
134	179	246
134	179	246
134	179	246
134	179	246
134	179	246
131	176	243
129	177	243
128	176	242
128	176	242
128	176	242
43	100	156
44	101	157
45	100	157
45	100	157
45	100	157
44	99	156
45	99	154
44	98	153
47	98	154
47	98	154
50	100	153
51	101	154
54	102	154
55	103	155
56	104	156
56	104	156
52	101	151
52	101	149
52	101	149
52	101	149
53	101	149
54	102	150
55	103	151
56	104	152
54	100	148
54	100	148
53	99	147
52	98	146
52	95	144
51	94	143
50	93	142
50	93	142
54	95	144
54	95	144
53	94	143
53	94	143
55	95	144
55	95	144
56	96	145
57	97	146
61	98	148
62	99	149
61	98	148
59	94	144
55	90	140
52	87	137
51	86	136
50	87	137
43	83	131
47	88	133
52	93	138
54	95	140
52	93	138
50	91	136
48	90	135
48	90	135
50	92	137
51	93	138
52	94	139
53	95	140
51	96	140
51	96	140
50	95	139
50	95	139
52	96	143
51	95	142
51	93	140
48	92	139
48	90	137
45	89	136
47	89	136
45	89	136
47	89	136
44	88	135
45	87	134
43	87	134
45	87	134
44	88	135
47	89	136
48	89	138
52	87	143
48	82	142
150	183	246
143	178	241
144	182	246
140	180	245
144	183	251
142	183	252
143	184	253
142	183	252
141	182	251
142	181	249
143	182	250
147	185	250
150	188	253
151	189	254
151	188	255
151	188	255
151	188	255
152	189	255
152	189	255
152	189	255
153	190	255
153	190	255
153	190	255
153	190	255
153	190	255
153	190	255
153	190	255
153	190	255
153	190	255
151	190	255
150	189	255
149	191	255
150	192	255
150	192	255
150	192	255
150	192	255
149	191	255
148	190	255
148	190	255
148	190	255
148	190	255
147	189	255
147	189	255
146	188	255
146	188	255
148	187	255
150	186	255
150	186	255
149	185	255
149	185	255
149	185	255
149	185	255
148	184	254
148	184	254
148	184	254
148	184	254
149	185	255
149	185	255
149	185	255
149	185	255
148	184	254
146	185	253
149	189	254
146	189	252
146	188	253
145	188	251
145	187	252
146	189	252
147	189	254
147	190	253
150	192	255
149	192	255
149	191	255
149	192	255
148	190	255
148	191	254
148	190	255
147	190	253
144	188	252
141	188	250
140	186	250
139	186	248
138	184	248
137	184	246
137	183	247
138	185	247
139	185	249
138	185	247
136	182	246
135	182	244
134	180	244
134	181	243
134	180	244
134	180	244
132	177	244
129	177	243
129	177	243
129	177	243
128	176	242
44	98	158
44	98	158
45	99	159
45	99	159
45	100	157
44	99	156
45	98	155
44	97	154
45	96	152
45	96	152
46	98	151
48	100	153
51	101	154
53	103	156
54	104	157
54	104	156
54	103	153
54	103	153
53	102	152
53	102	152
54	101	152
55	102	153
56	103	154
57	104	155
54	99	150
53	98	149
53	98	149
52	97	148
52	95	146
51	94	145
51	94	145
50	93	144
53	96	145
53	96	145
52	95	144
52	95	144
54	95	144
55	96	145
56	97	146
57	98	147
58	98	147
60	100	149
62	102	151
62	99	149
57	94	144
52	89	139
48	85	135
46	83	133
44	84	132
48	88	136
52	92	140
53	93	141
52	94	141
51	93	140
50	92	139
51	93	140
52	96	143
52	96	143
53	97	144
53	97	144
53	97	144
52	96	143
51	95	142
51	95	142
51	95	142
48	94	141
48	92	139
44	90	137
45	89	136
43	89	136
45	89	136
44	90	137
46	90	137
43	89	136
44	88	135
42	88	135
43	87	134
42	88	135
44	88	135
47	88	137
52	87	143
50	82	141
152	183	244
145	178	241
148	183	247
145	180	246
146	183	251
144	183	251
145	184	253
144	183	252
143	182	250
145	182	250
146	183	251
149	184	250
151	186	252
153	188	254
152	187	255
152	187	255
152	187	255
153	188	255
153	188	255
153	188	255
154	189	255
154	189	255
155	190	255
155	190	255
155	190	255
155	190	255
155	190	255
156	191	255
156	191	255
156	191	255
151	191	255
151	191	255
152	192	255
153	193	255
153	193	255
152	192	255
151	191	255
151	191	255
150	190	255
149	189	254
149	189	254
149	189	254
148	188	253
148	188	253
148	188	253
148	187	255
148	184	254
148	184	254
148	184	254
149	185	255
149	185	255
150	186	255
150	186	255
150	186	255
149	185	255
149	185	255
150	186	255
150	186	255
150	186	255
150	186	255
149	185	255
147	186	254
150	191	254
147	191	252
146	189	252
146	190	251
146	189	252
146	190	251
147	190	253
147	191	252
148	191	254
148	192	253
148	191	254
148	192	253
147	190	253
147	191	252
146	189	252
146	190	251
144	188	251
143	188	249
142	186	249
141	186	247
140	184	247
140	185	246
140	184	247
140	185	246
143	187	250
142	187	248
140	184	247
138	183	244
136	180	243
136	181	242
135	179	242
133	180	242
133	179	243
132	177	244
132	177	244
132	177	244
131	176	243
43	97	157
44	98	158
45	99	159
45	99	159
45	100	157
44	99	156
45	98	155
45	98	155
43	94	150
44	95	151
45	96	152
47	99	152
51	101	154
53	103	156
54	104	157
55	105	157
55	103	155
55	104	154
54	103	153
54	103	153
55	102	153
56	103	154
57	104	155
57	104	155
55	100	151
55	100	151
54	99	150
53	98	149
54	97	148
53	96	147
53	96	147
52	95	146
56	99	148
56	99	148
56	99	148
55	98	147
56	99	148
59	100	149
60	101	150
60	101	150
57	98	147
60	100	149
62	102	151
61	101	150
56	96	145
51	91	140
50	87	137
47	87	136
48	88	136
50	90	138
52	92	140
54	94	142
53	95	142
53	95	142
53	95	142
53	95	142
53	97	144
54	98	145
54	98	145
54	98	145
53	97	144
52	96	143
51	95	142
50	94	141
51	95	142
48	94	141
45	91	138
43	89	136
42	88	135
42	88	135
43	89	136
44	90	137
45	91	138
44	90	137
44	90	137
43	89	136
42	88	135
42	88	135
42	88	135
46	87	136
51	86	142
51	83	142
153	184	245
146	180	240
149	184	247
145	181	245
146	184	249
144	183	251
144	183	252
144	183	251
145	182	250
145	183	248
148	183	249
150	186	250
152	187	251
153	188	252
153	187	253
152	187	253
154	187	255
153	188	254
155	188	255
154	189	255
155	188	255
154	189	255
156	189	255
155	190	255
156	189	255
156	191	255
157	190	255
156	191	255
157	190	255
157	192	255
154	192	255
152	193	255
153	193	255
153	194	255
153	193	255
153	194	255
152	192	255
152	193	255
151	191	255
151	192	255
150	190	255
150	191	254
150	190	255
149	190	253
149	189	254
149	189	254
149	186	254
149	185	255
149	185	255
149	185	255
149	185	255
149	185	255
149	185	255
149	185	255
149	185	255
150	186	255
150	186	255
151	187	255
151	187	255
150	186	255
150	186	255
147	186	254
148	191	254
148	192	253
147	190	253
146	190	251
146	189	252
146	190	251
146	189	252
147	191	252
147	190	253
147	191	252
146	189	252
146	190	251
146	189	252
145	189	250
145	188	251
145	189	250
143	187	250
142	187	248
141	185	248
140	185	246
140	184	247
140	185	246
140	184	247
140	185	246
144	188	251
143	188	249
141	185	248
138	183	244
137	181	244
135	180	241
135	179	242
134	178	241
135	179	243
133	179	243
133	178	245
132	178	242
132	177	244
43	97	157
43	97	157
44	98	158
45	99	159
45	99	159
45	99	159
46	99	156
45	98	155
41	94	151
42	96	151
43	97	152
45	99	154
49	101	154
51	103	156
52	104	157
55	105	157
56	104	156
56	105	155
55	104	154
55	104	154
55	102	153
56	103	154
56	103	154
57	104	155
57	102	153
57	102	153
56	101	152
56	101	152
57	100	151
56	99	150
56	99	150
56	99	150
56	102	150
55	101	149
55	101	149
55	101	149
55	101	149
58	101	150
59	102	151
60	103	152
56	99	148
59	100	149
59	100	149
57	98	147
54	95	144
52	93	142
53	93	142
53	94	143
48	90	137
48	90	137
48	90	137
50	92	139
51	93	140
52	94	141
52	94	141
52	94	141
54	96	143
55	97	144
55	97	144
55	97	144
54	96	143
53	95	142
52	94	141
49	93	140
50	94	141
49	93	140
47	91	138
46	90	137
45	89	136
45	89	136
46	90	137
47	91	138
46	90	137
46	90	137
46	90	137
46	90	137
45	89	136
44	88	135
44	88	135
45	86	135
51	87	141
51	84	140
151	185	244
145	181	241
149	186	248
144	182	246
147	185	250
143	183	248
143	182	250
141	183	250
144	183	251
144	184	249
147	185	250
148	186	250
151	187	251
152	188	252
154	190	254
152	190	254
154	189	255
152	190	254
155	190	255
153	191	255
156	191	255
154	192	255
155	190	255
153	191	255
155	190	255
154	192	255
156	191	255
155	193	255
157	192	255
156	194	255
155	193	255
155	194	255
156	194	255
156	195	255
156	194	255
156	195	255
155	193	255
155	194	255
155	193	255
155	194	255
155	193	255
154	193	255
154	192	255
154	193	255
153	191	255
153	191	255
151	188	255
151	188	255
150	187	255
149	186	254
149	186	254
148	185	253
147	184	252
147	184	252
149	186	254
150	187	255
150	187	255
151	188	255
151	188	255
150	187	255
150	187	255
147	186	254
148	190	255
146	190	253
145	189	253
144	188	251
144	188	252
144	188	251
144	188	252
144	188	251
144	188	252
144	188	251
144	188	252
143	187	250
143	187	251
143	187	250
142	186	250
142	186	249
144	186	251
143	186	249
142	184	249
141	184	247
141	183	248
141	184	247
142	184	249
142	185	248
144	186	251
143	186	249
141	183	248
139	182	245
137	179	244
136	179	242
135	177	242
134	178	241
135	179	243
135	179	242
135	179	243
134	178	241
134	178	242
42	96	156
43	97	157
44	98	158
45	99	159
45	99	159
45	99	159
46	99	156
46	99	156
43	96	153
43	96	153
44	98	153
46	100	155
49	101	154
51	103	156
52	104	157
52	104	157
55	105	157
56	105	155
55	104	154
54	103	153
55	102	153
55	102	153
56	103	154
56	103	154
58	103	154
58	103	154
58	103	154
57	102	153
59	102	153
58	101	152
58	101	152
56	101	152
52	100	148
52	100	148
52	100	148
54	100	148
54	100	148
55	101	149
56	102	150
59	102	151
58	101	150
58	101	150
59	100	149
56	97	146
54	95	144
53	94	143
55	96	145
58	99	148
55	97	144
53	95	142
51	93	140
52	94	141
53	95	142
55	97	144
55	97	144
54	96	143
53	95	142
53	95	142
54	96	143
54	96	143
54	96	143
53	95	142
52	94	141
51	93	140
51	93	140
49	93	140
49	93	140
49	93	140
48	92	139
47	91	138
47	91	138
47	91	138
45	89	136
46	90	137
46	90	137
47	91	138
46	90	137
46	90	137
45	89	136
46	87	136
51	87	141
49	84	140
150	187	245
145	183	241
148	188	247
143	184	246
145	186	249
141	183	248
141	183	250
140	184	248
142	184	249
143	186	249
145	186	249
146	187	249
149	188	250
149	188	250
152	190	254
150	191	254
153	191	255
151	192	255
153	191	255
152	193	255
154	192	255
152	193	255
153	191	255
151	192	255
154	192	255
152	193	255
155	193	255
154	195	255
156	194	255
156	195	255
155	194	255
156	195	255
159	196	255
157	196	255
159	196	255
157	196	255
158	195	255
155	194	255
158	195	255
156	195	255
158	195	255
156	195	255
157	194	255
155	194	255
157	194	255
154	193	255
152	190	255
152	189	255
151	188	255
150	187	255
148	185	253
147	184	252
146	183	251
146	183	251
149	186	254
149	186	254
150	187	255
150	187	255
150	187	255
150	187	255
149	186	254
147	186	254
147	189	255
145	188	255
144	187	254
143	186	253
142	185	252
142	185	252
142	185	252
142	185	252
143	186	253
143	186	253
142	185	252
142	185	252
141	184	251
141	184	251
141	184	251
141	184	251
143	185	252
143	185	252
142	184	251
141	183	250
141	183	250
142	184	251
142	184	251
143	185	252
142	184	251
141	183	250
140	182	249
138	180	247
136	178	245
135	177	244
135	177	244
135	177	242
136	179	242
134	178	241
134	178	241
134	178	241
133	177	240
42	96	157
43	97	158
44	98	158
45	99	159
45	99	159
45	99	159
45	100	157
44	99	156
45	98	155
45	98	155
46	100	155
47	101	156
48	102	157
49	103	158
50	104	159
52	104	157
54	104	156
56	104	156
55	103	155
54	102	154
54	101	153
54	101	153
55	102	154
55	102	154
58	102	155
58	102	155
57	101	154
57	101	154
59	101	154
58	100	153
58	100	153
56	101	152
53	101	149
52	101	149
52	101	149
53	101	149
53	101	149
54	102	150
55	103	151
57	103	151
57	103	151
57	103	151
59	102	151
56	99	148
53	96	145
52	95	144
53	96	145
54	97	146
61	103	150
58	100	147
54	96	143
54	96	143
56	98	145
57	99	146
57	99	146
56	98	145
53	93	141
53	93	141
54	94	142
55	95	143
55	95	143
55	95	143
54	94	142
53	95	142
50	92	139
51	93	140
53	95	142
54	96	143
53	95	142
52	94	141
50	92	139
48	90	137
46	88	135
47	89	136
48	90	137
49	91	138
49	91	138
49	91	138
48	90	137
47	88	137
49	88	140
46	86	139
149	188	243
144	184	242
147	189	248
